--- SSS TIER (6x digit berulang) ---
16363666666
16368888886
16407333333
16407444444
16478555555
16548111111
16549999991
16555555012
16555555021
16555555035
16555555042
16555555049
16555555060
16555555064
16555555078
16555555081
16555555109
16555555113
16555555125
16555555134
16555555135
16555555142
16555555148
16555555149
16555555153
16555555154
16555555160
16555555180
16555555182
16555555231
16555555235
16555555259
16555555268
16555555273
16555555276
16555555291
16555555301
16555555396
16555555464
16555555603
16555555648
16555555795
16572666666
16591111117
16763666666
16769999992
16810000005
16817777776
16940000007
17023333331


--- SS TIER (5x digit berulang) ---
16363588888
16363711111
16364000006
16364033333
16364188888
16364333339
16364444482
16364444491
16366111114
16367711111
16369000001
16373666661
16373666663
16373666664
16373677777
16373777779
16375222227
16389066666
16389422222
16399888886
16401022222
16407444448
16413333366
16463888889
16464011111
16467000002
16467777791
16467788888
16469777774
16470222221
16470222225
16470222226
16470499999
16477122222
16477777013
16477777017
16477777033
16477777096
16477777099
16477777218
16484022222
16484444454
16484444494
16484700000
16500000332
16500000485
16500000551
16500900000
16508333335
16517899999
16524111112
16524511111
16537433333
16546455555
16547111113
16548111110
16548111113
16548111117
16549999968
16550233333
16550611111
16551333337
16555554486
16555554499
16555554538
16555554541
16555554642
16555554706
16555554714
16555557889
16555557892
16555558881
16555559176
16555755555
16566322222
16569999900
16569999903
16569999925
16570000036
16570000039
16570000040
16570000052
16570000077
16570455555
16570700000
16570777775
16571688888
16571777772
16571777774
16571899999
16572666663
16573444441
16581111121
16581111137
16585555518
16591011111
16592988888
16594111114
16596055555
16596133333
16596666607
16596666609
16596666633
16596666693
16597300000
16614788888
16688388888
16699977777
16732999992
16732999997
16733000002
16733000003
16733000009
16744288888
16763599999
16763622222
16763666663
16763666665
16763666667
16765155555
16765333336
16765333339
16765488888
16765666661
16765900000
16766111113
16766266666
16766666430
16767266666
16767400000
16767811111
16768000006
16768422222
16769644444
16769699999
16769999922
16769999928
16769999954
16769999981
16794000009
16794322222
16797333330
16798666662
16798766666
16800999998
16801999996
16808888820
16808955555
16809022222
16809999933
16809999948
16809999949
16813255555
16814666660
16823577777
16899966666
16900677777
16920411111
16920966666
16921188888
16921333334
16921777778
16922088888
16922699999
16923244444
16923333300
16923333349
16923333390
16923633333
16938277777
16939999932
16940000038
16940000044
16941999990
16965000006
16970444447
16970777779
16971933333
16971955555
16972377777
16972699999
17021177777
17021244444
17022222124
17022222380
17022222435
17022222503
17022222558
17022222588
17022222623
17022222666
17022222669
17022222722
17022222747
17022222788
17022222900
17022222971
17023111112
17023333306
17023333319
17023333323
17023333341
17023333346
17023511111
17023766666
17025133333
17027777721
17028888828
17028888832
17028888840
17028888854
17029888883
17029888886
17029999911
17029999937
17030000063
17030000090
17030000098


--- (URUT) ---
16363987694
16364207654
16364234566
16364256789
16364345676
16364434569
16365987691
16366123451
16366498769
16366543219
16366592345
16366903456
16366977654
16366978765
16366987645
16366995678
16367215678
16367543202
16367543226
16367543230
16367543238
16367543243
16367543248
16367543276
16367543278
16367555678
16367578902
16367612347
16367614321
16367643214
16367643218
16367654478
16367654483
16367654485
16367654490
16367654493
16367654502
16367654517
16367654529
16367654581
16367654619
16367654702
16367654736
16367654752
16367654768
16367654770
16367672345
16368695678
16368698760
16368698761
16368698762
16368751234
16368771234
16368853456
16368864321
16368876519
16368883456
16368904567
16368925678
16368957654
16368967654
16368967899
16368978906
16368978907
16369012349
16369043210
16369049876
16369123432
16369123451
16369123473
16369152345
16369166543
16369198766
16369224321
16369234537
16369234587
16369236789
16369238765
16369243215
16369279876
16369285432
16369312346
16369345632
16369348765
16369356543
16369364321
16369421234
16369432138
16369432164
16369434566
16369454323
16369456741
16369484567
16369498768
16369514567
16369523455
16372746543
16372756780
16372756783
16372756785
16372756787
16372825678
16372835678
16372872345
16372884321
16372885678
16372898765
16372931234
16372965430
16372965437
16372965438
16372976546
16372987652
16372987673
16372987677
16372987680
16372987687
16372987698
16372998762
16373034567
16373581234
16373632345
16373643216
16373654313
16373655678
16373677654
16373716543
16373739876
16373753456
16373764567
16373786789
16373789007
16373789008
16373789038
16373789065
16373789074
16373789075
16373789076
16373789078
16373789098
16373798768
16373823456
16373872345
16373876530
16373876588
16373891234
16373962345
16373987613
16373987685
16374019876
16374023450
16374033456
16374043212
16374094321
16374125432
16374136789
16374157654
16374187658
16374198769
16374219876
16374234505
16375234587
16375234596
16375345672
16375358765
16375414567
16382498769
16388993456
16389005678
16389054326
16389054328
16389112340
16389114567
16389165437
16389178906
16389178908
16389217890
16389312348
16389323453
16389323459
16389343211
16389343219
16389343456
16389345613
16389345619
16389345626
16389345639
16389345649
16389345681
16389432114
16389432158
16389753456
16389754320
16389765403
16389765415
16399564567
16399575678
16399588765
16399654379
16399654389
16399654395
16399654399
16399667893
16399667899
16399765434
16399765452
16399765453
16399765454
16399765470
16399765479
16399765483
16399765490
16399766543
16399821234
16399856781
16399876007
16399876069
16399876922
16399876926
16399876976
16399876981
16399876989
16399876994
16399902345
16399945675
16400456784
16400456789
16400765442
16400765448
16400765466
16400765489
16400765491
16401001234
16401321234
16401324567
16401334563
16401338765
16407398769
16407543269
16407636543
16408376541
16408376545
16408376546
16408376549
16408378907
16408378909
16408385678
16408394321
16408413456
16408423453
16408423457
16408424321
16408442345
16408487653
16408487654
16408487657
16408512343
16408512346
16408534560
16408535432
16408543273
16408543278
16408543286
16408543287
16408543296
16408543297
16412678930
16412734561
16412734562
16412737654
16412743211
16412755432
16412765401
16412765433
16412765436
16412765440
16412765441
16412765477
16412786543
16412789074
16412789095
16412799876
16412856782
16412879876
16412891234
16412901234
16412954321
16412987610
16412987611
16412999876
16413023451
16413096789
16413123493
16413134567
16413145672
16413154326
16413245671
16413245677
16413254324
16413257654
16413456774
16437046789
16437064567
16440046789
16440056543
16440067890
16440067897
16440068765
16440123492
16440143212
16440167899
16440256784
16440367898
16454777890
16454909876
16455163456
16455166789
16455298763
16462622345
16462623451
16462623455
16462635432
16463035678
16463056780
16463078902
16463178765
16463178900
16463178903
16463178905
16463178906
16463178907
16463212341
16463217890
16463256780
16463256783
16463256788
16463267897
16463284567
16463496543
16463536543
16463556787
16463565434
16463565438
16463726543
16463765408
16463765466
16463765467
16463765471
16463765483
16463765495
16463765497
16463778902
16463789040
16463789043
16463789050
16463789066
16463791234
16463902345
16463987660
16464023452
16464034565
16465431618
16465456786
16466416543
16466432108
16466677654
16466765480
16466765491
16466765497
16466789223
16466789244
16466789689
16466789847
16466789855
16466823451
16466943216
16466943219
16466987605
16466987628
16466987696
16466987697
16466987699
16467293456
16467323452
16467338765
16467367896
16467456717
16467456722
16467456727
16467456768
16467471234
16467515678
16467545672
16467545674
16467607654
16467654159
16467654347
16467714567
16467722345
16467789049
16467789059
16467789064
16467789068
16467789078
16467789081
16467789089
16467789093
16467789094
16467876546
16467876551
16467876595
16467876597
16467891384
16467891649
16467898022
16467898135
16467898367
16467898530
16467898563
16467898722
16468034560
16468076545
16468123471
16468154328
16468187651
16468234506
16468234511
16468234518
16468234566
16468234579
16468234587
16468234594
16468234599
16468254322
16468298761
16468298767
16468734566
16468743213
16468898767
16468967899
16469267899
16469269876
16469284321
16469298768
16469314567
16469466789
16469555432
16469584321
16469643219
16469703456
16469913456
16469914321
16469987606
16469987607
16469987609
16469987617
16469987624
16469987634
16469987635
16469987642
16469987648
16469987652
16469987655
16469987670
16470084567
16470189876
16470262345
16470276544
16470378904
16470378905
16470378906
16470378907
16470487655
16470698765
16475694321
16475789080
16475789091
16475809876
16475978900
16476543235
16476965436
16477456769
16477456786
16477654700
16477654701
16477654705
16477654706
16477654760
16477654776
16477654779
16477654780
16477654789
16477654815
16477654857
16477654858
16477687650
16477687651
16477687653
16477765423
16477765449
16477765482
16477765497
16477765498
16477765499
16477775678
16477890005
16477890096
16477897890
16479456785
16479567842
16480534569
16480743219
16480789071
16483923457
16483965438
16483978904
16484257890
16484284567
16484321128
16484321365
16484348765
16484564321
16484567007
16484567010
16484567034
16484567040
16484567053
16484567055
16484567226
16484567258
16484568765
16484678957
16484687890
16499667892
16499789071
16499987675
16499987683
16499987690
16499987692
16500345695
16500693456
16500765498
16501123455
16508123400
16508123486
16508123492
16508123496
16508123497
16508123498
16508195432
16508234597
16508234598
16508278908
16508323457
16508323459
16508366543
16508446789
16508465430
16508465436
16508581234
16508734567
16508768765
16516187659
16526145678
16531987695
16532743218
16532754328
16537456713
16537456720
16537456746
16537456762
16546543204
16546543221
16546543232
16546543236
16546543257
16546543261
16546543276
16546543278
16546543287
16546543289
16546543693
16548034567
16548678999
16549023456
16550123444
16552165432
16552465432
16554098765
16554698766
16555049876
16555143219
16555223451
16555356788
16555467891
16555598765
16555612345
16555812341
16555812345
16555892345
16555937654
16556123444
16556123450
16556123454
16556234562
16566543169
16566543202
16566543203
16566543204
16566543207
16566543215
16566543221
16566543222
16566543232
16566543235
16566543245
16566543252
16566543271
16566543276
16566543282
16566543291
16566614321
16566616543
16566652345
16566667654
16566672345
16569789007
16569789015
16569789020
16569789023
16569789027
16569789042
16569789046
16569789876
16569941234
16570012345
16570787654
16571698766
16572234569
16572456783
16573456698
16573456757
16573456783
16573456913
16573456980
16573665432
16579987653
16579987691
16579987698
16579991234
16582214567
16585597890
16585667654
16585737890
16589654369
16590234566
16590234569
16592876545
16592876549
16595912345
16596245678
16596434567
16596567892
16596567894
16596664567
16597334567
16598698760
16598698764
16598823456
16598898769
16599134567
16670787654
16688134569
16688212345
16688454321
16688456776
16688581234
16688616543
16688654346
16688884567
16699876737
16699876752
16699876755
16699876781
16699876784
16699876816
16699876818
16699876824
16699876838
16699876839
16699876852
16699876865
16699876866
16699876880
16699876894
16699876903
16699876909
16699876939
16699876962
16699876970
16699876971
16699876980
16699876990
16699977890
16706984567
16707123481
16707234564
16707567892
16731765444
16732454321
16732698766
16732698767
16732765437
16732798769
16744445671
16744445672
16745671769
16745676959
16746543283
16746543694
16746543697
16746543999
16763456663
16763456736
16763456797
16763456953
16763456979
16763567893
16763567899
16763676543
16764203456
16764545678
16764697654
16764798765
16765401697
16765401869
16765402223
16765402225
16765402226
16765403222
16765403777
16765404469
16765404869
16765405369
16765405400
16765406660
16765406662
16765406665
16765416665
16765416697
16765419777
16765419990
16765420000
16765420003
16765420013
16765420019
16765420023
16765420037
16765420060
16765420215
16765420230
16765420231
16765420232
16765420240
16765420260
16765420263
16765420272
16765420279
16765420288
16765420295
16765420320
16765420326
16765420339
16765420347
16765420363
16765420371
16765420394
16765420413
16765420416
16765420424
16765420429
16765420434
16765420443
16765420467
16765420502
16765420528
16765420537
16765420545
16765420551
16765420591
16765420611
16765420648
16765420659
16765420689
16765420725
16765420733
16765420734
16765420756
16765420759
16765420799
16765420802
16765420807
16765420830
16765420840
16765420864
16765420871
16765420879
16765420881
16765420888
16765420892
16765420907
16765420917
16765420925
16765420928
16765420972
16765420974
16765420977
16765420991
16765421069
16765421112
16765421113
16765421119
16765430707
16765430715
16765430716
16765430719
16765430732
16765430735
16765430744
16765430750
16765430754
16765430766
16765430773
16765430781
16765430785
16765430787
16765430792
16765430795
16765430798
16765430802
16765430803
16765430824
16765430849
16765430858
16765430859
16765430862
16765430864
16765430865
16765430869
16765430881
16765430882
16765430892
16765430893
16765430894
16765430895
16765430896
16765430898
16765430899
16765430903
16765430904
16765430913
16765430974
16765431448
16765432023
16765432031
16765432050
16765432056
16765432063
16765432086
16765432092
16765432093
16765432102
16765432107
16765432109
16765432131
16765432150
16765432156
16765432158
16765432160
16765432162
16765432165
16765432167
16765432168
16765432176
16765432177
16765432183
16765432186
16765432188
16765432190
16765432194
16765432201
16765432203
16765432214
16765432230
16765432243
16765432249
16765432263
16765432264
16765432283
16765432302
16765432328
16765432343
16765432371
16765432458
16765432765
16765432772
16765432804
16765432808
16765432818
16765432826
16765432857
16765432863
16765432883
16765432887
16765432892
16765432913
16765432914
16765432921
16765432925
16765432926
16765432933
16765432943
16765432950
16765432953
16765432956
16765432961
16765432963
16765432976
16765432980
16765432990
16765432992
16765433010
16765433040
16765433041
16765433043
16765433050
16765433057
16765433310
16765433329
16765433340
16765433342
16765433455
16765433458
16765433460
16765433474
16765433478
16765433484
16765433496
16765433497
16765433504
16765433506
16765433517
16765433519
16765433537
16765433555
16765433563
16765433564
16765433565
16765433568
16765433580
16765433582
16765433583
16765433603
16765433627
16765433630
16765433641
16765433644
16765433669
16765433678
16765433679
16765433680
16765433699
16765433728
16765433800
16765433813
16765433829
16765433833
16765433834
16765433840
16765433854
16765433883
16765433889
16765433891
16765433896
16765433945
16765433955
16765433964
16765433998
16765434008
16765434016
16765434025
16765434029
16765434033
16765434065
16765434092
16765434128
16765434137
16765434146
16765434147
16765434157
16765434184
16765434210
16765434235
16765434262
16765434263
16765434271
16765434273
16765434336
16765434350
16765434360
16765434379
16765434413
16765434427
16765434434
16765434437
16765434467
16765434483
16765434486
16765434498
16765434499
16765434515
16765434523
16765434526
16765434570
16765434573
16765434585
16765434595
16765434612
16765434616
16765434636
16765434643
16765434670
16765434675
16765434682
16765434690
16765434693
16765434736
16765434774
16765434806
16765434825
16765434826
16765434838
16765434839
16765434845
16765434848
16765444304
16765444368
16765444373
16765444500
16765444517
16765444518
16765444568
16765444574
16765444617
16765444640
16765445333
16765445469
16765446660
16765446667
16765446669
16765446918
16765446932
16765446959
16765446981
16765446985
16765447222
16765447691
16765447694
16765448444
16765459993
16765459995
16765459996
16765460269
16765461269
16765461769
16765463699
16765463769
16765464202
16765473007
16765473169
16765473269
16765476555
16765476665
16765476666
16765476669
16765476690
16765476977
16765476981
16765476987
16765476993
16765477111
16765477666
16765477692
16765477695
16765477729
16765477741
16765477770
16765477888
16765478007
16765478069
16765478369
16765486901
16765486906
16765486912
16765486918
16765486919
16765486920
16765486922
16765486923
16765486932
16765486936
16765486943
16765486944
16765486947
16765486960
16765486961
16765486963
16765486965
16765486973
16765486979
16765486981
16765486984
16765486985
16765486989
16765487069
16765488693
16765488807
16765488830
16765488846
16765488848
16765488854
16765488862
16765488864
16765488868
16765488887
16765488895
16765489333
16765489693
16765489999
16765490074
16765490333
16765490692
16765490695
16765490697
16765490698
16765491114
16765654328
16765654329
16765676543
16765678111
16765678907
16765678913
16765678955
16765678958
16765678973
16765678975
16765678981
16765678988
16766637654
16766667895
16766667898
16766667899
16766678923
16766997654
16767012345
16767234569
16767634569
16767676543
16767890003
16767890006
16767890071
16767890075
16767890269
16767891669
16767892224
16767892690
16767892698
16767894000
16767894269
16767894333
16768056789
16769116789
16769121234
16769132345
16769135678
16769136789
16769165431
16769165435
16769166789
16769184567
16769256787
16769267892
16769287654
16769287659
16769327654
16769412347
16769412349
16769556543
16769598760
16769645677
16769656783
16769656785
16769656788
16769687656
16769701234
16769712340
16769713456
16769745674
16769745675
16769887656
16769904567
16769934321
16770265432
16770345675
16770345697
16770345699
16770398765
16776114567
16776540739
16776540853
16776541439
16776541698
16776541743
16776542831
16776543036
16776543255
16776962345
16777223451
16777345646
16791789037
16791789049
16791956785
16792058765
16792122345
16792227654
16792345293
16792345420
16792345591
16792345614
16792345615
16792345723
16792845671
16793611234
16793678903
16794321999
16796992345
16798765424
16798765473
16798765492
16798765780
16798765935
16798765983
16798766333
16798766420
16798766608
16798766650
16798766653
16798766655
16798766688
16798769011
16802323456
16808543211
16808543213
16808543215
16808543217
16808543218
16808765480
16808765888
16808887658
16808888765
16813234568
16814035432
16815698766
16816556787
16816916789
16816944567
16816946789
16816997654
16817964321
16818998769
16823450078
16823453222
16823453334
16823453692
16823459994
16881698766
16899876912
16899876915
16899876940
16899876947
16899876992
16899945673
16900023459
16900063456
16900065678
16900078902
16900087659
16900098761
16900098764
16900265435
16900412342
16900432143
16900432172
16900432175
16900432177
16900551234
16900567824
16900567876
16900676546
16900678901
16900678953
16900928765
16900945678
16900998763
16901123406
16901123416
16901123448
16901123459
16901234175
16901234189
16901234208
16901234212
16901234366
16901234385
16901234466
16901234659
16901234661
16901234689
16901234696
16901234698
16901234705
16901234742
16901234768
16901234771
16901234774
16901234914
16901234925
16901234926
16901234984
16901331234
16901345655
16903365438
16903424321
16903464321
16903465438
16903481234
16916567874
16916685678
16916906789
16917065439
16917654558
16917890157
16918797890
16919107654
16919212342
16919545673
16919845678
16919863456
16919991234
16920012345
16920027654
16920123401
16920123428
16920134565
16920134568
16920198763
16920232345
16920234590
16920267899
16920365435
16920507890
16920643218
16920678916
16920678981
16920678982
16920732345
16920947654
16921087656
16921112341
16921223459
16921256783
16921256786
16921332345
16921334562
16921456744
16921456746
16921456759
16921456760
16921456784
16921472345
16921567832
16921654344
16921654386
16921698767
16921777654
16921903456
16922087657
16922132345
16922181234
16922234545
16922265434
16922323452
16922437654
16922456716
16922456730
16922456736
16922456752
16922456780
16922472345
16922516789
16922567882
16922629876
16922662345
16922665678
16922678901
16922678902
16922678915
16922678922
16922678990
16922734560
16922734564
16922767895
16922787653
16922845671
16922845675
16922896789
16922967898
16922987675
16923001234
16923023454
16923086543
16923265430
16923443219
16923455186
16923455191
16923455201
16923455203
16923455210
16923455216
16923455218
16923455221
16923455222
16923455223
16923455230
16923455233
16923455242
16923455267
16923455268
16923455272
16923455285
16923455304
16923455307
16923455309
16923455322
16923455327
16923455331
16923455337
16923455340
16923455341
16923455345
16923455347
16923455351
16923455366
16923455376
16923455391
16923455393
16923455827
16923456101
16923456133
16923456165
16923456341
16923456400
16923456513
16923456529
16923456535
16923456570
16923456581
16923456683
16923456697
16923456786
16923456808
16923456870
16923456871
16923456981
16923457167
16923457362
16923457363
16923457365
16923457506
16923457507
16923457588
16923457629
16923457694
16923457720
16923457727
16923457895
16923457989
16923458059
16923458088
16923458089
16923458125
16923458127
16923458139
16923458150
16923458194
16923458230
16923458265
16923458271
16923458289
16923458291
16923458296
16923458311
16923458362
16923458501
16923458503
16923458533
16923458617
16923458622
16923458636
16923458641
16923458661
16923458739
16923458741
16923458844
16923458852
16923458872
16923458888
16923459009
16923459058
16923459118
16923459170
16923459202
16923459214
16923459235
16923545676
16923617654
16923637654
16923654304
16923654308
16923654371
16938243212
16938298763
16938312343
16938313456
16938384567
16938385678
16938386543
16938537654
16938576544
16938678918
16938678940
16938678972
16938712348
16938765138
16938765147
16938765232
16938765285
16938765307
16938765309
16938765419
16938765484
16938765546
16938765551
16938765606
16938765634
16938765636
16938765641
16938765650
16938765764
16938765772
16938765794
16938765824
16938765904
16938921234
16938934565
16938987693
16939023454
16939746543
16939765457
16939765490
16939823458
16939834568
16939876012
16939876298
16939876448
16939876485
16939876490
16939876509
16939876540
16939876542
16939876571
16939876575
16939876583
16939876594
16939876620
16939876640
16939876717
16939876721
16939876818
16939876873
16939876898
16939876935
16939876995
16939934567
16939953456
16940063456
16940065431
16940066789
16940243218
16940298769
16940299876
16940327654
16940472345
16940567800
16940567818
16940567896
16940582345
16940643219
16940657654
16940687657
16940687658
16940834563
16940865433
16940943217
16941023453
16941056785
16941123427
16941123440
16941123471
16941187650
16941234002
16941234104
16941234152
16941234162
16941234189
16941234200
16941234247
16941234316
16941234334
16941234342
16941234410
16941234539
16941234554
16941234666
16941234764
16941234823
16941234843
16941234890
16941235678
16941312342
16941312344
16941432190
16941445679
16941476542
16941476544
16941476545
16941476549
16941569876
16941585678
16941736543
16941763456
16941819876
16941876586
16942001234
16942032345
16942123481
16942234565
16942234567
16942976543
16943210001
16943210003
16943456704
16943456733
16943456736
16943456775
16943456777
16943456799
16944012345
16963356786
16963371234
16963445672
16963567818
16963567824
16963567857
16963567858
16963567859
16963567873
16963567899
16963639876
16963704321
16963854321
16964034568
16964123448
16964198765
16964334564
16964334566
16964334568
16964395678
16964423455
16964545671
16964654315
16964654331
16964734321
16964765408
16964765410
16964765423
16964765424
16964765457
16964823459
16964836543
16964928765
16964987624
16964987658
16965043216
16965085678
16965312344
16965431641
16965431674
16965431706
16965431721
16965431747
16965431769
16965431783
16965431799
16965431823
16965431833
16965431975
16965432749
16965432794
16965432804
16965432808
16965432809
16965432822
16965432830
16965432837
16965432982
16965433005
16965433036
16965433038
16965433084
16965433086
16965433137
16965433159
16965433302
16965433371
16965433401
16965433573
16965433649
16965434418
16965434422
16965434662
16965434669
16965434717
16965434767
16965434783
16965434807
16965434846
16965434886
16965434973
16965434974
16965434978
16965435041
16965435052
16965435092
16965435095
16965435122
16965435190
16965435196
16965435202
16965435207
16965435210
16965435227
16965435317
16965435381
16965435443
16965435458
16965435685
16965435711
16965435720
16965435772
16965435786
16965435859
16965436252
16965436264
16965436324
16965436374
16965436391
16965436437
16965436511
16965436801
16965652345
16965654567
16965716789
16965796789
16965843213
16965843219
16969965430
16969982345
16969985678
16970025678
16970145674
16970167891
16970208765
16970265678
16970267898
16970284567
16970303456
16970343215
16970345626
16970367898
16970445674
16970465439
16970524321
16970623451
16970678952
16970678964
16970696543
16970988765
16971098768
16971287651
16971432183
16971432192
16971511234
16971602345
16971678974
16971859876
16971876537
16971987603
16971987604
16971987609
16971987615
16971987616
16971987651
16972086543
16972123452
16972176543
16972356543
16972487651
16972678962
16972823453
16972843213
16972876500
16972913456
16972945675
16973065430
16973134566
16973318765
16973334565
16973443218
17021354321
17021543212
17021543215
17022765444
17023455506
17023455548
17023455565
17023456203
17023456410
17023456488
17023456545
17023456555
17023456608
17023456623
17023456630
17023456689
17023456691
17023456695
17023456749
17023456758
17023456776
17023456796
17023456807
17023456876
17023456888
17023456947
17023456950
17023456977
17023457666
17023457774
17023656789
17023765469
17024023456
17026937654
17027776540
17027890999
17028254321
17028444567
17029012345
17029523456
17029543212
17030234561
17042078765


--- S TIER (4x digit berulang) ---
16363588881
16363588882
16363588885
16363588886
16363611113
16363644440
16363644447
16363657777
16363666609
16363666615
16363666634
16363666647
16363666681
16363682222
16363717777
16363723333
16363744441
16363777754
16363786666
16363788885
16363800004
16363823333
16363833330
16363866661
16363880000
16363884444
16363888821
16363888834
16363888835
16363888843
16363888872
16363933334
16363966665
16363999911
16363999955
16364000098
16364001111
16364014444
16364111103
16364111139
16364114444
16364120000
16364144448
16364166667
16364211118
16364217777
16364222205
16364222235
16364222273
16364229999
16364333369
16364333396
16364344448
16364444102
16364444207
16364444224
16364444269
16364444309
16364444326
16364444380
16364444531
16364444554
16364444688
16364444700
16364444755
16364444790
16364444807
16364444863
16364444913
16364444967
16365948888
16365988886
16366042222
16366071111
16366111185
16366111196
16366149999
16366166661
16366199998
16366204444
16366220000
16366222260
16366239999
16366244445
16366511116
16366515555
16366518888
16366555574
16366568888
16366585555
16366601235
16366610000
16366777715
16366777717
16366777742
16366777792
16366777794
16366777796
16366804444
16366849999
16366922221
16366930000
16367174444
16367527777
16367532107
16367532108
16367532222
16367533330
16367555576
16367555578
16367555579
16367555581
16367555584
16367595555
16367622224
16367623333
16367632101
16367632102
16367632108
16367644447
16367644448
16367651111
16367653333
16367711114
16368455551
16368524444
16368609877
16368709870
16368709871
16368709872
16368709874
16368709879
16368833331
16368833335
16368833338
16368850123
16368863333
16368872222
16368873333
16368905555
16368935555
16368968888
16368999909
16368999937
16369000029
16369000051
16369098707
16369100009
16369101238
16369111148
16369120123
16369199994
16369201232
16369205555
16369211116
16369222205
16369222242
16369321044
16369321061
16369322224
16369377778
16369391111
16369400008
16369497777
16372781111
16372803333
16372814444
16372900001
16372920123
16372930123
16372931111
16372932222
16372940123
16372955559
16372965555
16372966661
16372988880
16372988887
16372999901
16372999906
16372999910
16372999912
16372999914
16372999915
16372999919
16372999929
16373000081
16373000097
16373033330
16373562222
16373570000
16373582222
16373655556
16373666611
16373666613
16373666617
16373666624
16373666625
16373666635
16373666639
16373666651
16373666652
16373666658
16373666671
16373666672
16373666677
16373666695
16373677771
16373677772
16373677775
16373731111
16373777723
16373777729
16373777741
16373777759
16373777763
16373777789
16373800123
16373801111
16373812222
16373887777
16373888851
16373888870
16373888879
16373895555
16373900006
16373908888
16373924444
16373932107
16373933210
16373948888
16373970123
16373999938
16374000092
16374012315
16374012381
16374032101
16374054444
16374098748
16374098888
16374112222
16374222253
16374227777
16374232107
16374240123
16374255558
16374261111
16374995555
16375028888
16375038888
16375059999
16375097777
16375100001
16375106666
16375122226
16375220000
16375222201
16375222234
16375222278
16375232104
16375317777
16375322225
16381643333
16381711112
16381788889
16381999945
16381999956
16382111190
16382482222
16382555539
16382555543
16382555547
16382555563
16382595555
16388977776
16389052222
16389080987
16389098771
16389132107
16389144445
16389192222
16389206666
16389210000
16389215555
16389222282
16389240000
16389261111
16389274444
16389285555
16389298888
16389305555
16389340987
16389385555
16389396666
16389411119
16389828888
16392866663
16392877773
16392877776
16399624444
16399640123
16399666611
16399666670
16399680000
16399760000
16399766661
16399770000
16399777717
16399781111
16399791111
16399795555
16399809877
16399822224
16399844446
16399847777
16399858888
16399888864
16399888897
16399902222
16399930000
16399944442
16399988887
16399990080
16399990084
16399990098
16399990112
16399990114
16399990121
16399990123
16399990124
16399990126
16399990128
16399990147
16399990156
16399990171
16399990175
16399990199
16399990266
16399990455
16399990457
16399990463
16399990468
16399990485
16399990494
16399990511
16399990532
16399990543
16399990574
16399990581
16399990645
16399990658
16399990664
16399990678
16399990692
16399990698
16399990709
16399990724
16399990753
16399990755
16399990785
16399990801
16399990804
16399990817
16399990835
16399990850
16399990862
16399990886
16399990924
16399990930
16399990968
16399990991
16399991014
16399991108
16399991146
16399991152
16399991305
16399991333
16399991335
16399991338
16399991344
16399991374
16399991379
16399991395
16399991396
16399991401
16399991406
16399991513
16399991719
16399991738
16399991755
16399991757
16399991763
16399991766
16399991788
16399991789
16399991792
16399991800
16399991812
16399991824
16399991839
16399991847
16399992017
16399992035
16399992050
16399992070
16399992117
16399992134
16399992155
16399992185
16399992211
16399992240
16399992241
16399992326
16399992342
16399992374
16399992387
16399992397
16399992433
16399992476
16399992718
16399992722
16399992727
16399992964
16399993162
16399993201
16399993249
16399993265
16399993429
16399993441
16399993446
16399993464
16399993468
16399993469
16399993477
16399993520
16399993528
16399993634
16399993715
16399993793
16399994034
16399994078
16399994087
16399994108
16399994855
16400005360
16400005528
16400005563
16400005576
16400005727
16400005735
16400005744
16400005777
16400005781
16400005800
16400005832
16400005833
16400005836
16400005837
16400005846
16400005850
16400005851
16400005854
16400005855
16400005860
16400005863
16400005867
16400005870
16400005872
16400005892
16400006015
16400006034
16400006079
16400006102
16400006132
16400006158
16400006211
16400006217
16400006255
16400006264
16400006276
16400006280
16400006282
16400006284
16400006322
16400006353
16400006375
16400006382
16400006434
16400006463
16400006472
16400006473
16400006495
16400006497
16400006498
16400006506
16400006509
16400006527
16400006528
16400006539
16400006613
16400006617
16400006618
16400006625
16400006649
16400006650
16400006722
16400006747
16400006756
16400006759
16400006761
16400006776
16400006785
16400006787
16400006790
16400006826
16400006844
16400007013
16400007045
16400007081
16400007128
16400007137
16400007139
16400007155
16400007162
16400007163
16400007179
16400007190
16400007197
16400007225
16400007231
16400007232
16400007244
16400007258
16400007283
16400007378
16400007419
16400007430
16400007451
16400007455
16400007465
16400007491
16400007494
16400007495
16400007509
16400007515
16400007524
16400007531
16400007539
16400007542
16400007546
16400007555
16400007577
16400007587
16400007616
16400007617
16400007651
16400007873
16400007892
16400007914
16400007919
16400007939
16400007943
16400007975
16400008003
16400008007
16400008173
16400008213
16400008327
16400008403
16400008423
16400008453
16400008509
16400008539
16400008609
16400008677
16400008704
16400008754
16400008764
16400008791
16400008800
16400008834
16400008859
16400009008
16400009202
16400009295
16400009297
16400009395
16400009416
16400009417
16400009506
16400009564
16400009772
16400009842
16400009859
16400009870
16400009917
16400022223
16400156666
16400333301
16400333308
16400333318
16400333326
16400333354
16400400008
16400444499
16400600001
16400755554
16400999945
16400999955
16401000025
16401001236
16401011110
16401011113
16401098715
16401111846
16401111982
16407234444
16407293333
16407333357
16407333362
16407333368
16407333379
16407333399
16407366660
16407444406
16407444408
16407444411
16407444413
16407444419
16407444427
16407444432
16407444462
16407466668
16407488884
16408340987
16408358888
16408368888
16408376666
16408377771
16408377772
16408377775
16408377778
16408406666
16408441111
16408443333
16408516666
16408533210
16412595555
16412616666
16412666673
16412688881
16412777755
16412777768
16412777783
16412777785
16412801239
16412809877
16412828888
16412832104
16412844449
16412889999
16412901111
16412955552
16412988889
16413006666
16413098703
16413098750
16413098757
16413111137
16413111154
16413127777
16413141111
16413188885
16413201230
16413210274
16413210495
16413210675
16413210697
16413210922
16413299992
16413299995
16413333735
16413333750
16413334444
16413495555
16413544447
16437055554
16440027777
16440033337
16440098721
16440118888
16440122220
16440123520
16440179999
16440247777
16440281111
16440367777
16440382222
16440415555
16440462222
16440485555
16440533330
16440555563
16440555565
16440555570
16454790987
16454858888
16454911115
16454999905
16454999928
16454999929
16454999933
16454999942
16455000021
16455000022
16455000051
16455000056
16455000081
16455006666
16455030123
16455037777
16455099995
16455122227
16455166669
16455261111
16462648888
16462680000
16462702222
16462777739
16462971111
16463027777
16463078888
16463079999
16463176666
16463183210
16463233331
16463308888
16463488887
16463500123
16463567777
16463620000
16463632100
16463860123
16463888809
16463888823
16463888827
16463888829
16463888831
16463888834
16463888838
16463888848
16463888851
16463888860
16463888872
16463888878
16463899994
16463960000
16464100008
16464133335
16464144441
16464211114
16464222231
16464222267
16465033337
16465122220
16465377772
16465444408
16466444479
16466660006
16466660013
16466660023
16466660026
16466660032
16466660033
16466660034
16466660035
16466660038
16466660046
16466660098
16466660119
16466660334
16466660340
16466660341
16466660342
16466660354
16466660355
16466660357
16466660361
16466660362
16466660370
16466660386
16466660414
16466660431
16466660437
16466660478
16466660487
16466660552
16466660570
16466660571
16466660600
16466660613
16466660645
16466660649
16466660652
16466660657
16466660661
16466660686
16466660687
16466660709
16466660716
16466660717
16466660720
16466660721
16466660733
16466660738
16466660754
16466660772
16466660774
16466660781
16466660786
16466660797
16466660799
16466660801
16466660815
16466660822
16466660866
16466660882
16466660886
16466660944
16466660949
16466661030
16466661046
16466661047
16466661059
16466661060
16466661062
16466661067
16466661087
16466661090
16466661105
16466661114
16466661156
16466661188
16466661366
16466661371
16466661441
16466661557
16466662269
16466675555
16466722226
16466722227
16466806666
16466837777
16467012335
16467012399
16467041111
16467098735
16467109874
16467109879
16467110000
16467122225
16467399995
16467399996
16467444406
16467444427
16467444464
16467444469
16467473210
16467532101
16467532107
16467573210
16467576666
16467739999
16467777229
16467777430
16467777914
16467788884
16467876666
16467903210
16467933336
16467960123
16467988889
16468032108
16468033331
16468061111
16468111108
16468122225
16468122229
16468186666
16468250987
16468298888
16468346666
16468366660
16468414444
16468460000
16468494444
16468840000
16468888169
16468945555
16468960987
16469233338
16469233339
16469267777
16469333389
16469630000
16469733336
16469733337
16469733338
16469775555
16469777736
16469777750
16469777765
16469777798
16469999072
16469999106
16470000620
16470000625
16470000630
16470000653
16470000658
16470000659
16470001230
16470032108
16470057777
16470059999
16470222201
16470222219
16470222297
16470233334
16470233339
16470300006
16470319999
16470374444
16470500002
16470588887
16470600002
16470600007
16470624444
16470688880
16470698888
16470713333
16475728888
16475773333
16475777720
16475777733
16475777735
16475777744
16475894444
16475966663
16476005555
16476700009
16476796666
16476993210
16477224444
16477701111
16477702222
16477770302
16477775218
16477778207
16477778531
16477779573
16477779577
16477779581
16477779586
16477779592
16477779596
16477779600
16477779603
16477779609
16477779617
16477779618
16477779620
16477779638
16477779678
16477779680
16477779686
16477779698
16477779987
16477779992
16477812222
16477888836
16478555574
16478888331
16478954444
16479333310
16479444423
16479477773
16479489999
16479580123
16479905555
16480066667
16480111197
16480226666
16480666648
16481088884
16481090000
16481194444
16481395555
16481444491
16481455558
16481647777
16481688880
16481699997
16481988887
16482478888
16482566668
16484193333
16484244443
16484269999
16484313210
16484444242
16484444267
16484444651
16484444655
16484444662
16484455551
16484455554
16484465555
16484661111
16484688887
16499645555
16499770987
16499822225
16500001514
16500001552
16500002269
16500003351
16500003854
16500004038
16500005219
16500005632
16500044445
16500495555
16500666619
16500744445
16500888802
16500899991
16501233691
16501333386
16501333389
16508000077
16508155551
16508155554
16508171111
16508203333
16508260123
16508333312
16508333342
16508333349
16508333350
16508333351
16508333356
16508366669
16508402222
16508421111
16508455557
16508455558
16508488880
16508537777
16508753210
16508777727
16508777736
16508777742
16508777753
16516188884
16516444493
16517718888
16517900002
16517900006
16524111134
16524457777
16524511116
16524511119
16524522221
16524522223
16524747777
16524943333
16525222261
16525422226
16526333364
16531422228
16531677774
16532100697
16532311116
16537433337
16537440987
16545159999
16545222217
16546088880
16546088882
16546088884
16546188883
16546276666
16546455550
16546455553
16546455557
16546500004
16546664444
16546711110
16546711116
16546711117
16546892222
16547097777
16547495555
16547627777
16547674444
16547721111
16547877771
16547955551
16548035555
16548049999
16548111132
16548111148
16548111150
16548111156
16548111160
16548111194
16548444402
16548533334
16548577775
16549172222
16549233330
16549333327
16549401111
16549443333
16549511115
16549555584
16549911115
16549933337
16549949999
16549999182
16549999184
16549999186
16549999189
16549999206
16549999209
16549999212
16549999219
16549999223
16549999245
16549999246
16549999247
16549999266
16549999268
16549999276
16549999278
16549999281
16549999285
16549999286
16549999287
16549999290
16549999293
16549999299
16549999581
16549999623
16549999638
16549999641
16549999651
16549999659
16549999661
16549999670
16549999673
16549999679
16549999687
16549999689
16549999696
16549999699
16549999715
16549999733
16549999743
16549999751
16549999755
16549999775
16549999783
16549999798
16549999805
16549999810
16549999832
16549999866
16550000416
16550123336
16550123337
16550123569
16550123869
16550334444
16550410000
16550450000
16550579999
16550744443
16550969999
16551111736
16551333329
16551333348
16551333351
16551441111
16551588883
16551588886
16551588889
16551628888
16551666628
16551733332
16551733336
16551900001
16551900009
16551966665
16552063333
16552075555
16552165555
16552237777
16552286666
16552694444
16552731111
16552749999
16552968888
16553077770
16553077774
16553233337
16553233339
16553565555
16553611110
16553754444
16553888853
16554077779
16554104444
16554444540
16554444541
16554444555
16554444563
16554444575
16554444627
16554444650
16554444688
16554444694
16554444702
16554444709
16554444721
16554444749
16554444755
16554444807
16554444829
16554444834
16554444844
16554444852
16554444876
16554444877
16554444894
16554444895
16554444896
16554444897
16554444901
16554444902
16554444908
16554444915
16554444928
16554444945
16554444969
16554444978
16554444994
16554480000
16555210000
16555250000
16555500987
16555501406
16555502332
16555510475
16555510504
16555510507
16555510525
16555510532
16555510691
16555510919
16555510929
16555510954
16555510968
16555510971
16555510976
16555510978
16555510985
16555510988
16555510989
16555511008
16555511012
16555511017
16555511026
16555511032
16555511037
16555511044
16555511055
16555511061
16555511069
16555511077
16555511082
16555511085
16555511086
16555511095
16555511103
16555511125
16555511130
16555511151
16555511168
16555511170
16555511174
16555511206
16555511212
16555511213
16555511215
16555511220
16555511229
16555511237
16555511256
16555511260
16555511271
16555511310
16555511363
16555511511
16555514142
16555516201
16555524696
16555524865
16555524880
16555524892
16555524932
16555524950
16555524970
16555524979
16555524986
16555524993
16555524994
16555524996
16555525016
16555525033
16555525038
16555525039
16555525045
16555525050
16555525060
16555525067
16555525068
16555525078
16555525094
16555525104
16555525107
16555525119
16555525127
16555525139
16555525140
16555525144
16555525168
16555525181
16555525182
16555525195
16555525235
16555525249
16555525265
16555525266
16555525267
16555525276
16555525296
16555526609
16555526724
16555526899
16555527168
16555527243
16555528528
16555529104
16555529105
16555539337
16555539512
16555569402
16555569409
16555569427
16555569437
16555569470
16555569472
16555569473
16555569475
16555569486
16555569489
16555569497
16555569499
16555569502
16555569507
16555569508
16555569531
16555569534
16555569535
16555569542
16555569550
16555569553
16555569555
16555569558
16555569559
16555569561
16555569563
16555569566
16555569574
16555569578
16555569581
16555569594
16555569622
16555569631
16555569634
16555569656
16555569657
16555569678
16555569682
16555569684
16555569743
16555569744
16555569745
16555569841
16555569852
16555569902
16555571211
16555572352
16555574366
16555584107
16555584136
16555584144
16555584145
16555584154
16555584177
16555584195
16555584225
16555584231
16555584245
16555584250
16555584255
16555584261
16555584265
16555584281
16555584284
16555584289
16555584298
16555584304
16555584317
16555584330
16555584338
16555584357
16555584374
16555584388
16555584424
16555584463
16555584467
16555584543
16555584544
16555584551
16555584561
16555584571
16555584572
16555585949
16555587187
16555588222
16555588975
16555590591
16555591913
16555598663
16555598683
16555598691
16555598695
16555598702
16555598705
16555598714
16555598718
16555598721
16555598722
16555598725
16555598732
16555598738
16555598739
16555598740
16555598744
16555598752
16555598754
16555598759
16555599066
16555599069
16555599079
16555599082
16555599083
16555599084
16555599085
16555599086
16555599088
16555599092
16555599103
16555599119
16555599138
16555599151
16555599159
16555599160
16555599161
16555599173
16555599291
16555599997
16555755550
16555755554
16555755559
16556222267
16556308888
16565844440
16565895555
16565958888
16565995555
16566066669
16566166667
16566255554
16566288884
16566322224
16566324444
16566544446
16566632100
16566667490
16566667502
16566667535
16566667545
16566667548
16566667561
16566667574
16566667591
16566667611
16566667614
16566667625
16566667629
16566667630
16566667636
16566667642
16566667651
16566667665
16566667671
16566667674
16566667681
16566667688
16566667690
16566667695
16566667698
16566667700
16566667717
16566667719
16566667724
16566667725
16566667729
16566667739
16566667740
16566667742
16566667744
16566667746
16566667750
16566667757
16566667763
16566668308
16566668357
16566668839
16566668845
16566668919
16566668920
16566668921
16566668925
16566668928
16566668953
16566668959
16566668967
16566668970
16566668983
16566669000
16566669016
16566669024
16566669028
16566669038
16566669040
16566669059
16566669066
16566669091
16566669095
16566669448
16566669494
16566669512
16566669528
16566669530
16566669540
16566669555
16566669584
16566669604
16566669621
16566669622
16566669628
16566669633
16566669647
16566669650
16566669656
16566669676
16566669698
16566669700
16566669719
16566669721
16566669742
16566669761
16566669829
16566669871
16566669888
16566669903
16566669924
16566669928
16566669932
16566669935
16566669937
16566669981
16569877773
16569877778
16569888899
16569911118
16569999579
16569999584
16569999628
16569999649
16569999681
16569999711
16569999723
16569999725
16569999726
16569999732
16569999744
16569999790
16569999801
16569999802
16569999829
16569999840
16569999872
16569999883
16570000775
16570000791
16570012353
16570012380
16570012388
16570133335
16570133338
16570188881
16570196666
16570305555
16570455558
16570457777
16570579999
16570665555
16570699997
16570700003
16570700008
16570722225
16570731111
16570761111
16570777703
16570777707
16570777724
16570777725
16570777735
16570777750
16570777781
16570777792
16570789999
16570855553
16571089999
16571146666
16571177772
16571274444
16571354444
16571475555
16571514444
16571553333
16571555535
16571555581
16571555591
16571555595
16571701237
16571701238
16571709999
16571777747
16571777763
16571814444
16571880000
16571888831
16571888861
16571888863
16571934444
16571955550
16571989999
16572140000
16572287777
16572431111
16572474444
16572500005
16572500006
16572566662
16572566667
16572602222
16572666605
16572666607
16572666610
16572666621
16572666625
16572666626
16572666634
16572666677
16572666680
16572666695
16572666696
16572666698
16572877771
16572877776
16572877778
16572922224
16572922226
16572922227
16572959999
16573102222
16573177770
16573273333
16573668888
16573899992
16573900002
16573900004
16573900005
16573929999
16573969999
16574000050
16574029999
16574290000
16579988885
16579990000
16580016666
16580144442
16580355553
16580355554
16580355559
16580788886
16581098888
16581111091
16581111218
16581111224
16581111235
16581111239
16581111268
16581111279
16581111295
16581111311
16581111339
16581111347
16581111352
16581111388
16581111395
16581111403
16581111416
16581111423
16581111436
16581111454
16581111463
16581111466
16581111498
16581111508
16581111509
16581111512
16581111513
16581111545
16581111548
16581111556
16581111606
16581111644
16581111660
16581111665
16581111723
16581445555
16581976666
16582004444
16585412222
16585555003
16585555006
16585555016
16585555212
16585555221
16585555245
16585555256
16585555284
16585555286
16585555297
16585555302
16585555304
16585555458
16585555498
16585597777
16589036666
16589088885
16589177770
16589272222
16589617777
16589944447
16590000712
16590000821
16590077773
16590291111
16590521111
16590666620
16590877772
16591111346
16591111400
16591240000
16591474444
16591759999
16591993333
16592129999
16592130000
16592334444
16592411110
16592500007
16592577771
16592577774
16592635555
16592700004
16592888808
16592888848
16592965555
16592988880
16592989999
16593054444
16593066663
16593156666
16593321111
16593333609
16593333611
16593333620
16593333622
16593333624
16593333632
16593333635
16593333637
16593333643
16593333644
16593333650
16593333653
16593333659
16593333660
16593333665
16593333667
16593333674
16593333681
16593333687
16593333688
16593333697
16593333698
16593333700
16593333701
16593333703
16593333704
16593333713
16593333739
16593333744
16593333751
16593333757
16593333758
16593333763
16593333766
16593333769
16593333952
16593466669
16593522227
16593546666
16594033332
16594111101
16594111105
16594111135
16594111157
16594326666
16594534444
16595817777
16595833331
16595833339
16595862222
16595911113
16595911116
16595912222
16595975555
16595991111
16596022224
16596055556
16596131111
16596133334
16596177775
16596288881
16596288886
16596288887
16596290000
16596353333
16596385555
16596433330
16596486666
16596533336
16596548888
16596599990
16596650000
16596664444
16596666044
16596666065
16596666069
16596666089
16596666118
16596666162
16596666187
16596666193
16596666199
16596666203
16596666205
16596666206
16596666209
16596666210
16596666234
16596666253
16596666273
16596666285
16596666291
16596666305
16596666345
16596666351
16596666390
16596666399
16596666400
16596666404
16596666443
16596666444
16596666450
16596666452
16596666455
16596666471
16596666515
16596666519
16596666529
16596666597
16596666599
16596666713
16596666717
16596666746
16596666782
16596666783
16596666810
16596666838
16596666842
16596666857
16596666863
16596666873
16596666900
16596666969
16596712222
16596778888
16596811110
16596877770
16596960123
16596962222
16597029999
16597133330
16597133331
16597133335
16597195555
16597216666
16597233336
16597266663
16597299991
16597299995
16597299997
16597300007
16597301111
16597333300
16597333325
16597333362
16597333368
16597333386
16598563333
16598566664
16598599998
16598600009
16598666610
16598666619
16598666621
16598666632
16598666635
16598699990
16598699993
16598699994
16598825555
16598877779
16598898888
16599033332
16599033338
16599100003
16599211117
16599298888
16599311117
16599311119
16599333321
16599333351
16599333359
16599333362
16599333366
16599333382
16599333387
16599333390
16599333392
16599366667
16599519999
16599639999
16599640000
16599800002
16600003930
16600003935
16600003983
16600004091
16600004129
16600004147
16600004209
16600004401
16600004407
16600004418
16600004472
16600004481
16600004486
16600004488
16600004511
16600004550
16600004552
16600004560
16600004612
16600004637
16600004638
16600004655
16600004737
16600004739
16600004743
16600349999
16614423333
16614436666
16614577771
16614788881
16615111160
16615111177
16615111186
16625999916
16669903210
16670755552
16670819999
16688100003
16688116666
16688134444
16688136666
16688240000
16688255550
16688313333
16688333324
16688333389
16688388887
16688406666
16688490987
16688883705
16688883711
16688883849
16688883862
16688883884
16688883892
16688883901
16688883953
16688884128
16688884195
16688884228
16688884339
16688884353
16688884380
16688884397
16688884399
16688884406
16688884407
16688884413
16688884414
16688884415
16688884416
16688884418
16688884425
16688884427
16688884428
16688884435
16688884446
16688884448
16688884454
16688884471
16688884479
16688884485
16688884486
16688884489
16688884502
16688884509
16688884541
16688884562
16688884563
16688884568
16688884573
16688884578
16688884589
16688884593
16688884599
16688884685
16688885662
16688886173
16688886388
16688886419
16688886424
16688886740
16688887091
16688887263
16688887471
16688887478
16689000062
16689000092
16689077779
16689154444
16699854444
16699963210
16699977772
16699994908
16699994917
16699994931
16699994952
16699995072
16699995101
16699995308
16699995413
16699995681
16699995852
16699995875
16699996243
16699996289
16699996353
16699996369
16699996376
16699996379
16699996407
16699996411
16699996412
16699996416
16699996426
16699996446
16699996462
16700003611
16700003702
16700003710
16700003716
16700003741
16700003746
16700003777
16700003792
16700003802
16700003828
16700004052
16700004081
16700004098
16700004128
16700004154
16700004156
16706786666
16707206666
16731280000
16731717777
16731824444
16732102224
16732102225
16732102369
16732133332
16732327777
16732485555
16732488881
16732488884
16732488887
16732531111
16732535555
16732565555
16732666611
16732666614
16732748888
16732864444
16732879999
16732899990
16732899995
16732899996
16732899998
16732900004
16732900006
16732900007
16732900009
16732969999
16732999901
16732999913
16732999928
16732999930
16732999936
16732999945
16732999950
16732999951
16732999965
16732999966
16732999967
16732999972
16732999976
16732999979
16732999980
16733000013
16733000045
16733000048
16733000055
16733000061
16733000065
16733000074
16733000076
16733000078
16733000086
16743715555
16743798888
16743926666
16744152222
16744307777
16744333386
16744358888
16744445403
16744445407
16744445455
16744445458
16744445477
16744445483
16744445491
16744445494
16744445502
16744445509
16744445513
16744445525
16744445529
16744445537
16744445548
16744445562
16744445601
16744445607
16744445624
16744445652
16744445684
16744445689
16744445695
16744445698
16744445707
16744445731
16744445732
16744445733
16744445743
16744445750
16744445773
16744445788
16744445819
16744445839
16744445895
16744446183
16744446286
16744477776
16745066664
16745081111
16745258888
16745397777
16745506666
16745734444
16746664444
16746794444
16746916666
16746932100
16747449999
16763259999
16763376666
16763388883
16763388884
16763388886
16763388887
16763399993
16763408888
16763411117
16763444453
16763483333
16763533330
16763533331
16763533336
16763544440
16763544445
16763599994
16763622220
16763622221
16763622223
16763653333
16763666609
16763666614
16763666630
16763666637
16763666671
16763666672
16763666673
16763666687
16763677771
16763688885
16763699991
16763699998
16763730000
16763756666
16763783333
16763806666
16763843333
16763866662
16763866665
16763950000
16763966665
16763992222
16763996666
16764046666
16764055551
16764055554
16764139999
16764154444
16764155556
16764194444
16764203210
16764219999
16764233332
16764465555
16764477773
16764477775
16764477776
16764477778
16764477779
16764599997
16764602222
16764697777
16764699990
16764699993
16764711110
16764740000
16764755552
16764755554
16764755558
16764866669
16764888805
16764888836
16764888845
16764888866
16764998888
16764999902
16764999908
16765011118
16765012333
16765022220
16765133332
16765155552
16765199998
16765255551
16765266668
16765296666
16765322224
16765322228
16765333323
16765333359
16765333365
16765333369
16765333383
16765349999
16765364444
16765377771
16765377776
16765533332
16765533339
16765555669
16765555686
16765555693
16765555695
16765555704
16765555705
16765555709
16765555712
16765555720
16765555723
16765555728
16765555739
16765555751
16765555755
16765555756
16765555757
16765555765
16765555784
16765555786
16765555788
16765555795
16765555803
16765555830
16765555880
16765555918
16765630000
16765666600
16765666654
16765666670
16765677774
16765777730
16765790000
16765872222
16765898888
16765899996
16765912222
16766044448
16766059999
16766111141
16766111149
16766111163
16766111184
16766111190
16766135555
16766137777
16766227777
16766241111
16766255554
16766280000
16766293333
16766371111
16766433337
16766500001
16766582222
16766586666
16766612222
16766663465
16766663467
16766663469
16766663474
16766663475
16766663501
16766663503
16766663506
16766663507
16766663511
16766663514
16766663519
16766663522
16766663523
16766663540
16766663550
16766663552
16766663561
16766663575
16766663579
16766663591
16766663602
16766663610
16766663614
16766663618
16766663625
16766663638
16766663640
16766663652
16766663684
16766663686
16766663688
16766663749
16766663774
16766664294
16766664316
16766664346
16766664454
16766664458
16766664633
16766664645
16766664658
16766664706
16766664715
16766664719
16766664924
16766665295
16766665833
16766667005
16766667161
16766667827
16766667835
16766667839
16766667840
16766667847
16766667848
16766667854
16766667857
16766667862
16766667864
16766667866
16766667867
16766667868
16766667874
16766667884
16766667888
16766667902
16766667927
16766667931
16766667938
16766667946
16766667948
16766667950
16766667952
16766667953
16766667956
16766667960
16766667966
16766668006
16766668045
16766668071
16766668234
16766668354
16766668360
16766668361
16766668366
16766668371
16766668379
16766668390
16766668405
16766668412
16766668415
16766668421
16766668428
16766668439
16766668447
16766668455
16766668460
16766668462
16766668463
16766668468
16766668472
16766668474
16766668476
16766668482
16766668491
16766668496
16766668508
16766668518
16766668533
16766668546
16766668554
16766668565
16766668569
16766668571
16766668576
16766668579
16766668580
16766668594
16766668608
16766668644
16766668713
16766668718
16766668775
16766668783
16766668814
16766668817
16766668842
16766668848
16766668852
16766668859
16766668860
16766668861
16766668872
16766668878
16766668884
16766668886
16766668895
16766668900
16766668901
16766668906
16766668909
16766668912
16766668935
16766668942
16766668944
16766668949
16766668968
16766668971
16766668972
16766668977
16766668981
16766668984
16766669071
16766669141
16766669146
16766669155
16766669166
16766669170
16766669184
16766669204
16766669209
16766669235
16766669237
16766669251
16766669263
16766669266
16766669300
16766669310
16766669314
16766669330
16766669338
16766669344
16766669348
16766669353
16766669355
16766669357
16766669362
16766669363
16766669381
16766669382
16766669383
16766669388
16766669406
16766669408
16766669411
16766669414
16766669418
16766669419
16766669420
16766669428
16766669440
16766669503
16766669505
16766669533
16766669534
16766669570
16766669571
16766669574
16766669576
16766669578
16766669581
16766669588
16766669599
16766669635
16766669637
16766669638
16766669651
16766669654
16766669667
16766669668
16766669681
16766669689
16766669693
16766669717
16766669718
16766669719
16766669745
16766669752
16766669756
16766669758
16766669804
16766669808
16766669822
16766669845
16766669846
16766669907
16766669919
16766761111
16766796666
16766800005
16766853333
16766863333
16766865555
16766950000
16766964444
16766980000
16767012222
16767027777
16767081111
16767100002
16767102222
16767205555
16767266661
16767295555
16767354444
16767398888
16767466663
16767466664
16767466668
16767467777
16767511112
16767511116
16767522220
16767629999
16767744441
16767744442
16767755550
16767755552
16767755554
16767811115
16767811117
16767863333
16767866665
16767919999
16767960000
16767999911
16767999913
16767999919
16767999931
16767999944
16767999945
16767999989
16768000016
16768000018
16768000025
16768000029
16768000030
16768000051
16768000058
16768000060
16768000067
16768000073
16768000074
16768055550
16768055551
16768055556
16768055558
16768055559
16768098777
16768102222
16768131111
16768144441
16768144446
16768145555
16768188882
16768231111
16768244447
16768288886
16768300003
16768355551
16768367777
16768408888
16768409999
16768466664
16768466668
16768466669
16768494444
16768533338
16768588881
16768631111
16768655554
16768655558
16768686666
16768699990
16768777700
16768777707
16768777711
16768777717
16768777721
16768777726
16768777727
16768777736
16768777737
16768777738
16768777740
16768777741
16768777745
16768777747
16768777752
16768777754
16768777755
16768840000
16768866664
16768866667
16768936666
16769016666
16769044441
16769122221
16769151111
16769212222
16769341111
16769355553
16769355554
16769355557
16769355559
16769379999
16769380123
16769411113
16769481111
16769499993
16769500001
16769500006
16769513210
16769542222
16769615555
16769630123
16769631111
16769645555
16769688880
16769688889
16769701233
16769743333
16769745555
16769757777
16769758888
16769773333
16769788885
16769807777
16769822229
16769888852
16769888853
16769888864
16769888867
16769903333
16769922227
16769999009
16769999015
16769999016
16769999022
16769999044
16769999048
16769999062
16769999067
16769999099
16769999103
16769999107
16769999146
16769999155
16769999161
16769999190
16769999193
16769999196
16769999220
16769999230
16769999234
16769999255
16769999265
16769999785
16769999795
16769999802
16769999875
16770000152
16770000162
16770000173
16770000222
16770000280
16770000294
16770000295
16770000360
16770000390
16770000402
16770000406
16770000410
16770000433
16770000465
16770000468
16770000474
16770000482
16770000483
16770000484
16770000493
16770000499
16770000514
16770000516
16770000524
16770000525
16770000568
16770000575
16770000581
16770000584
16770000588
16770000628
16770000633
16770000648
16770000651
16770000655
16770000748
16770000780
16770000791
16770000805
16770000818
16770000822
16770000881
16770000924
16770088881
16770100002
16770100003
16770106666
16770118888
16770153333
16770233330
16770265555
16770332222
16770333329
16770333340
16770333345
16770333346
16770333352
16770362222
16770444404
16770444410
16770444413
16770527777
16770574444
16776044440
16776044443
16776488883
16776899992
16776900006
16777193210
16777222294
16782411118
16791555573
16791788887
16792118888
16792211114
16792211117
16792844448
16793333204
16793333828
16793333829
16793333879
16793333902
16793333917
16793333933
16793363333
16793539999
16793999952
16794064444
16794146666
16794166665
16794258888
16794305555
16794322224
16794399998
16794400002
16794431111
16794466665
16794512222
16794688889
16795466665
16795561111
16795851111
16795944443
16795944446
16796311113
16796311114
16796344442
16796876666
16796928888
16797038888
16797333325
16797333366
16797333367
16797333370
16797487777
16797515555
16797674444
16797731111
16797844440
16798144448
16798144449
16798444455
16798444460
16798444485
16798543333
16798666625
16798888201
16798888244
16798888581
16799044442
16799244447
16799421111
16799444413
16799444489
16799677778
16799722221
16799722229
16799849999
16799866663
16799866665
16799997682
16799997700
16799997749
16799997752
16799997767
16799997782
16799997784
16799997787
16799997791
16799997819
16799997835
16799997840
16799997873
16799997880
16799997934
16799997936
16799998022
16799998053
16799998088
16799998093
16799998214
16799998215
16799998242
16799998258
16799998302
16799998303
16799998333
16799998361
16799998366
16799998442
16799998913
16799998934
16799998936
16800003672
16800007153
16800077772
16800341111
16800433337
16800433338
16800465555
16800481111
16801000019
16801000020
16801000022
16801000086
16801000123
16801231337
16801231420
16801232224
16801237695
16801729999
16801957777
16801999923
16801999932
16801999945
16802144446
16802200008
16808285555
16808333364
16808333365
16808333370
16808441111
16808511112
16808601111
16808644441
16808716666
16808849999
16808887777
16808888006
16808888017
16808888082
16808888092
16808888157
16808888161
16808888190
16808888201
16808888228
16808888244
16808888259
16808888281
16808888303
16808888311
16808888423
16808888452
16808888454
16808888488
16808888515
16808888532
16808888533
16808888684
16808888690
16808888708
16808888759
16808888766
16808955552
16808955557
16808955558
16809873644
16809873652
16809873664
16809873713
16809873906
16809873913
16809873923
16809873942
16809873996
16809874052
16809874068
16809874203
16809875380
16809967777
16810000259
16810000890
16810000891
16810000933
16810199993
16810282222
16810376666
16810544443
16813288883
16813373333
16813448888
16813466660
16813564444
16813581111
16813788885
16813878888
16813988884
16814037777
16814111146
16814177775
16814288882
16814333305
16814333320
16814333340
16814333389
16814333397
16814388884
16814419999
16814477771
16814480000
16814555507
16814555514
16814588880
16814602222
16814666605
16814666612
16814666617
16814666628
16814666629
16814666645
16814666659
16814666686
16814666695
16814696666
16814741111
16814883333
16814899997
16814902222
16815800006
16815800009
16815888840
16816016666
16816048888
16816100001
16816404444
16816901230
16816977775
16816993333
16817186666
16817578888
16817693210
16817777054
16817777868
16818012301
16818054444
16818069999
16818322220
16818323333
16818566664
16818888022
16818888028
16818888068
16818888124
16818888136
16818888198
16818888199
16818888212
16818888214
16818888218
16818888231
16818888238
16818888252
16818888286
16818888304
16818888308
16818888313
16818888435
16818888537
16818888604
16818888768
16818888995
16818999981
16819000050
16819048888
16823546666
16823556666
16868155559
16868922227
16868925555
16869012300
16869012303
16869012352
16869012355
16869012390
16869027777
16881711119
16895617777
16895673333
16895754444
16895773333
16897333376
16897355554
16897355557
16897388886
16897388889
16897411112
16897411117
16897508888
16897513333
16897608888
16897666670
16897762222
16897877771
16898999928
16899000017
16899000082
16899072222
16899073333
16899111101
16899111121
16899355557
16899408888
16899410000
16899434444
16899583333
16899734444
16899740000
16899777708
16899777732
16899777740
16899777741
16899777798
16899877772
16899877775
16899932100
16899966665
16899990015
16899990024
16899990029
16899990037
16899990056
16899990057
16899990068
16899990072
16899990079
16899990094
16899990100
16899990102
16899990116
16899990127
16899990149
16899990151
16899990383
16899990393
16899990394
16899990443
16899990476
16899990683
16899990712
16899990714
16899990719
16899990720
16899990723
16899990769
16899990781
16899990802
16899990805
16899990847
16899990854
16899990857
16899990873
16899990881
16899990909
16899990915
16899990919
16899991026
16899991034
16899991035
16899991170
16899991202
16899991203
16899991303
16899991311
16899991319
16899991340
16899991359
16899991392
16899991395
16899991402
16899991407
16899991421
16899991570
16899991572
16899991574
16899991587
16899991685
16899991822
16900003091
16900003105
16900003178
16900004106
16900004109
16900004111
16900004228
16900004239
16900004281
16900004282
16900004287
16900004388
16900004401
16900004494
16900004516
16900004666
16900004896
16900004968
16900004975
16900005214
16900005243
16900005368
16900005576
16900005590
16900005637
16900005638
16900005648
16900005652
16900005683
16900005790
16900005819
16900005840
16900005845
16900005912
16900005920
16900006156
16900006322
16900006330
16900006340
16900006342
16900006471
16900006566
16900006693
16900006699
16900006703
16900006731
16900006987
16900007004
16900007017
16900007044
16900007182
16900007186
16900007192
16900007292
16900007296
16900007313
16900007314
16900007316
16900007344
16900007441
16900007514
16900007517
16900007580
16900007640
16900007702
16900007751
16900007814
16900007828
16900007833
16900007838
16900008047
16900008066
16900008095
16900008184
16900008210
16900008217
16900008252
16900008253
16900008278
16900008298
16900008347
16900008425
16900008427
16900008432
16900008474
16900008500
16900008501
16900008513
16900008530
16900008584
16900008700
16900008743
16900008772
16900008918
16900008952
16900009022
16900009032
16900009046
16900009053
16900009064
16900009086
16900009087
16900009114
16900009147
16900009181
16900009275
16900009284
16900009286
16900009325
16900009410
16900009417
16900009424
16900009560
16900009739
16900009741
16900009748
16900009756
16900009770
16900009812
16900009883
16900009911
16900009918
16900009942
16900009951
16900009971
16900098708
16900098724
16900098733
16900103333
16900231111
16900375555
16900377773
16900511114
16900532102
16900532105
16900582222
16900677778
16900766669
16900929999
16900999915
16901000095
16901003333
16901020000
16901111022
16901111054
16901111057
16901111251
16901111288
16901111450
16901111453
16901111522
16901111545
16901111601
16901111606
16901111608
16901111609
16901111610
16901111624
16901111648
16901111677
16901111711
16901111744
16901111773
16901111777
16901111781
16901111784
16901111799
16901111801
16901111845
16901111847
16901111886
16901111902
16901111943
16901123210
16901232600
16901232635
16901232643
16901232651
16901232655
16901232683
16901232685
16901232688
16901232704
16901232714
16901232718
16901232720
16901232741
16901232747
16901232763
16901232764
16901232769
16901232790
16901232793
16901232799
16901232819
16901233382
16901233481
16901233489
16901233494
16901233533
16901235058
16901235095
16901235156
16901235191
16901235263
16901235376
16901235734
16901235950
16901236154
16901236289
16901236308
16901236334
16901236346
16901236391
16901236400
16901236404
16901236407
16901236413
16901236423
16901236428
16901236516
16901236619
16901236690
16901236853
16901236872
16901236879
16901236884
16901236989
16901237186
16901237719
16901237726
16901237753
16901237811
16901237861
16901237866
16901237950
16901237953
16901237977
16901237978
16901237985
16901237993
16901238016
16901238098
16901238175
16901238189
16901238191
16901238355
16901238371
16901238453
16901238537
16901238563
16901238615
16901238679
16901238681
16901238692
16901238694
16901238717
16901238721
16901238727
16901238740
16901238769
16901238787
16901238788
16901238794
16901238802
16901238814
16901238816
16901238844
16901238875
16901238907
16901238962
16901238975
16901239001
16901239033
16901239048
16901239123
16901239144
16901239176
16901239203
16901239205
16901239211
16901239214
16901239251
16901239338
16901239357
16901239393
16901239410
16901239424
16901239426
16901239520
16901239563
16901239600
16901239626
16901239637
16901239653
16901239655
16901239678
16901239681
16901288882
16903321007
16903402222
16903423210
16903463210
16916321056
16916366669
16916666444
16917288881
16917960000
16918999903
16918999981
16919111171
16919210123
16919300123
16919799991
16919863210
16919944441
16920012373
16920012380
16920012394
16920012399
16920123018
16920123102
16920123174
16920123177
16920123183
16920123665
16920123670
16920123681
16920123692
16920123698
16920123699
16920123700
16920123768
16920123799
16920123897
16920123905
16920123906
16920123910
16920123936
16920123979
16920231111
16920232108
16920233337
16920253210
16920411116
16920642222
16920657777
16920818888
16920868888
16920983210
16921000088
16921001231
16921032105
16921032108
16921111878
16921115555
16921180123
16921321019
16921321023
16921321039
16921321049
16921321068
16921333314
16921333329
16921333343
16921354444
16921380123
16921488880
16921488882
16921683333
16921732103
16921733332
16921901232
16922101230
16922197777
16922198888
16922216666
16922228776
16922228787
16922228817
16922228824
16922228825
16922228830
16922228844
16922228848
16922228856
16922228863
16922228864
16922228875
16922228881
16922228883
16922228890
16922228903
16922228905
16922228908
16922228912
16922228915
16922228916
16922228928
16922228933
16922228942
16922229044
16922229060
16922229097
16922229191
16922229417
16922229437
16922229448
16922229458
16922229579
16922229586
16922229702
16922229957
16922232106
16922486666
16922633331
16922633335
16922700006
16922844447
16922932222
16922933330
16923001239
16923021111
16923163333
16923193210
16923210006
16923210008
16923210034
16923210068
16923210081
16923210082
16923210083
16923210105
16923210151
16923210189
16923210203
16923210342
16923210499
16923244448
16923295555
16923332104
16923333014
16923333045
16923333236
16923333258
16923333476
16923333579
16923333664
16923333695
16923366662
16923366664
16923405555
16923633336
16938401232
16938523210
16938555501
16938555505
16938555507
16938555514
16938555518
16938588884
16938800008
16938833339
16938933336
16939722220
16939792222
16939922228
16939966664
16939999094
16939999128
16939999152
16939999159
16939999209
16939999219
16939999309
16939999310
16939999339
16939999356
16939999359
16939999371
16939999381
16939999383
16939999416
16939999418
16939999435
16939999437
16939999477
16939999491
16939999493
16939999503
16939999521
16939999543
16939999647
16939999668
16939999711
16939999753
16939999757
16939999824
16939999877
16940000154
16940000158
16940000406
16940000408
16940000429
16940000473
16940000476
16940000496
16940000539
16940000630
16940000639
16940000776
16940066660
16940098777
16940111181
16940156666
16940299994
16940384444
16940386666
16940430000
16940444427
16940473333
16940518888
16940685555
16940701111
16940718888
16940732222
16940774444
16940777799
16940822223
16940944441
16940944446
16941089999
16941123333
16941137777
16941141111
16941189999
16941264444
16941488881
16941491111
16941555507
16941658888
16941677775
16941766664
16941953333
16941999988
16942000029
16942000044
16942000095
16942012301
16942012317
16942012392
16942190123
16942251111
16942266668
16942286666
16942303333
16942333300
16942466662
16942519999
16942666609
16942666628
16942666647
16942666671
16943016666
16943244440
16943259999
16943388882
16943388889
16943555520
16943555527
16943555579
16944122225
16944157777
16944222280
16963399996
16963400004
16963400007
16963444494
16963478888
16963499992
16963567777
16963822224
16963886666
16963888830
16963888848
16963888850
16963988883
16964181111
16964275555
16964333326
16964333356
16964333389
16964501237
16964501238
16964533338
16964564444
16964764444
16964777720
16964777769
16964838888
16964897777
16964954444
16964999905
16964999979
16964999983
16964999987
16965001230
16965012375
16965267777
16965311115
16965732105
16965780000
16965838888
16965843333
16970063210
16970066660
16970086666
16970150000
16970343333
16970410123
16970444433
16970524444
16970564444
16970700003
16970777786
16970812222
16970835555
16970932104
16971321036
16971321046
16971321052
16971321055
16971321077
16971321099
16971322221
16971526666
16971528888
16971566664
16971696666
16971933331
16971933332
16972086666
16972233336
16972233339
16972321033
16972321047
16972321058
16972321096
16972428888
16972433338
16972470123
16972545555
16972563333
16972659999
16972755553
16972755556
16972843333
16972911115
16972911116
16972944449
16972997777
16973011113
16973012351
16973012377
16973013210
16973210003
16973210184
16973210192
16973210367
16973210411
16973210431
16973210437
16973210449
16973210486
16973210490
16973210494
16973210503
16973210716
16973210814
16973301232
16973333123
16973333168
16973333193
16973333534
16973333550
16973333861
16973333864
16973333971
16973444401
16973444453
16973444471
16973533332
17021044447
17021111314
17021111435
17021111854
17021111855
17021111978
17021111998
17021222208
17021222270
17021222273
17021396666
17021722224
17021736666
17021777709
17021777783
17021855553
17021859999
17022144445
17022199991
17022201238
17022220086
17022220223
17022220317
17022220630
17022220710
17022220739
17022220753
17022220755
17022220996
17022221074
17022221094
17022221137
17022221169
17022221175
17022221182
17022221186
17022221199
17022221216
17022221220
17022221404
17022221414
17022221420
17022221469
17022221494
17022221515
17022221797
17022221852
17022221867
17022221934
17022221990
17022223047
17022223134
17022223143
17022223144
17022223168
17022223206
17022223217
17022223232
17022223357
17022223394
17022223462
17022223499
17022223509
17022223584
17022223599
17022223694
17022223698
17022223720
17022223758
17022223933
17022223968
17022224022
17022224045
17022224088
17022224158
17022224171
17022224199
17022224226
17022224232
17022224247
17022224304
17022224370
17022224413
17022224438
17022224473
17022224512
17022224516
17022224538
17022239999
17022299994
17022433332
17022547777
17022666611
17022744440
17022838888
17022875555
17023108888
17023111134
17023111152
17023111153
17023111155
17023111159
17023111162
17023111184
17023222204
17023255554
17023333062
17023333139
17023333146
17023333154
17023333163
17023333181
17023333276
17023333406
17023333429
17023333443
17023333470
17023333473
17023333511
17023333514
17023333649
17023333657
17023333713
17023333772
17023333780
17023333790
17023333791
17023333936
17023333952
17023333961
17023333971
17023425555
17023655552
17023729999
17023888801
17024039999
17024040000
17024044441
17024113333
17024124444
17024144440
17024172222
17024175555
17024177778
17024222255
17024222264
17024366661
17024633338
17024777701
17024794444
17024838888
17024877772
17025222253
17025222271
17025485555
17025505555
17025555040
17025777766
17025777793
17025906666
17025945555
17026011118
17026200003
17026323333
17026348888
17026425555
17026450000
17026488889
17026637777
17026699998
17026777731
17026777793
17026939999
17027186666
17027188881
17027507777
17027684444
17027699992
17027699993
17027699995
17027777048
17027777107
17027777202
17027777203
17027777205
17027777208
17027777219
17027777313
17027777327
17027777335
17027777359
17027777365
17027777386
17027777608
17027777617
17027835555
17027854444
17027955553
17028046666
17028139999
17028222203
17028222234
17028333340
17028355557
17028373333
17028466663
17028499990
17028519999
17028560000
17028576666
17028655553
17028714444
17028888032
17028888171
17028888201
17028888249
17028888256
17028888388
17028888435
17028888472
17028888636
17028888650
17028888712
17028888726
17028888734
17028888763
17028888787
17028888790
17028888900
17028888984
17029055558
17029100003
17029241111
17029322224
17029388886
17029405555
17029452222
17029477774
17029477776
17029498888
17029544448
17029648888
17029676666
17029697777
17029888802
17029888823
17029888842
17029911115
17029980000
17029981111
17030000134
17030000140
17030000159
17030000179
17030000181
17030000218
17030000224
17030000241
17030000254
17030000269
17030000317
17030000349
17030000358
17030000554
17030000639
17030000830
17030001238
17030088881
17030111144
17030111158
17042060000
6324825555
