--- SSS TIER (6x digit berulang) ---
16363666666
16368888886
16407333333
16407444444
16478555555
16548111111
16549999991
16555555012
16555555021
16555555035
16555555042
16555555049
16555555060
16555555064
16555555078
16555555081
16555555109
16555555113
16555555125
16555555134
16555555135
16555555142
16555555148
16555555149
16555555153
16555555154
16555555160
16555555180
16555555182
16555555231
16555555235
16555555259
16555555268
16555555273
16555555276
16555555291
16555555301
16555555396
16555555464
16555555603
16555555648
16555555795
16572666666
16591111117
16763666666
16769999992
16810000005
16817777776
16940000007
17023333331


--- SS TIER (5x digit berulang) ---
16363588888
16363711111
16364000006
16364033333
16364188888
16364333339
16364444482
16364444491
16366111114
16367711111
16369000001
16373666661
16373666663
16373666664
16373677777
16373777779
16375222227
16389066666
16389422222
16399888886
16401022222
16407444448
16413333366
16463888889
16464011111
16467000002
16467777791
16467788888
16469777774
16470222221
16470222225
16470222226
16470499999
16477122222
16477777013
16477777017
16477777033
16477777096
16477777099
16477777218
16484022222
16484444454
16484444494
16484700000
16500000332
16500000485
16500000551
16500900000
16508333335
16517899999
16524111112
16524511111
16537433333
16546455555
16547111113
16548111110
16548111113
16548111117
16549999968
16550233333
16550611111
16551333337
16555554486
16555554499
16555554538
16555554541
16555554642
16555554706
16555554714
16555557889
16555557892
16555558881
16555559176
16555755555
16566322222
16569999900
16569999903
16569999925
16570000036
16570000039
16570000040
16570000052
16570000077
16570455555
16570700000
16570777775
16571688888
16571777772
16571777774
16571899999
16572666663
16573444441
16581111121
16581111137
16585555518
16591011111
16592988888
16594111114
16596055555
16596133333
16596666607
16596666609
16596666633
16596666693
16597300000
16614788888
16688388888
16699977777
16732999992
16732999997
16733000002
16733000003
16733000009
16744288888
16763599999
16763622222
16763666663
16763666665
16763666667
16765155555
16765333336
16765333339
16765488888
16765666661
16765900000
16766111113
16766266666
16766666430
16767266666
16767400000
16767811111
16768000006
16768422222
16769644444
16769699999
16769999922
16769999928
16769999954
16769999981
16794000009
16794322222
16797333330
16798666662
16798766666
16800999998
16801999996
16808888820
16808955555
16809022222
16809999933
16809999948
16809999949
16813255555
16814666660
16823577777
16899966666
16900677777
16920411111
16920966666
16921188888
16921333334
16921777778
16922088888
16922699999
16923244444
16923333300
16923333349
16923333390
16923633333
16938277777
16939999932
16940000038
16940000044
16941999990
16965000006
16970444447
16970777779
16971933333
16971955555
16972377777
16972699999
17021177777
17021244444
17022222124
17022222380
17022222435
17022222503
17022222558
17022222588
17022222623
17022222666
17022222669
17022222722
17022222747
17022222788
17022222900
17022222971
17023111112
17023333306
17023333319
17023333323
17023333341
17023333346
17023511111
17023766666
17025133333
17027777721
17028888828
17028888832
17028888840
17028888854
17029888883
17029888886
17029999911
17029999937
17030000063
17030000090
17030000098


--- (URUT) ---
16363987694
16364207654
16364234566
16364256789
16364345676
16364434569
16365987691
16366123451
16366498769
16366543219
16366592345
16366601235
16366903456
16366977654
16366978765
16366987645
16366995678
16367215678
16367532107
16367532108
16367543202
16367543226
16367543230
16367543238
16367543243
16367543248
16367543276
16367543278
16367555678
16367578902
16367612347
16367614321
16367632101
16367632102
16367632108
16367643214
16367643218
16367654478
16367654483
16367654485
16367654490
16367654493
16367654502
16367654517
16367654529
16367654581
16367654619
16367654702
16367654736
16367654752
16367654768
16367654770
16367672345
16368609877
16368695678
16368698760
16368698761
16368698762
16368709870
16368709871
16368709872
16368709874
16368709879
16368751234
16368771234
16368850123
16368853456
16368864321
16368876519
16368883456
16368904567
16368925678
16368957654
16368967654
16368967899
16368978906
16368978907
16369012349
16369043210
16369049876
16369098707
16369101238
16369120123
16369123432
16369123451
16369123473
16369152345
16369166543
16369198766
16369201232
16369224321
16369234537
16369234587
16369236789
16369238765
16369243215
16369279876
16369285432
16369312346
16369321044
16369321061
16369345632
16369348765
16369356543
16369364321
16369421234
16369432138
16369432164
16369434566
16369454323
16369456741
16369484567
16369498768
16369514567
16369523455
16372746543
16372756780
16372756783
16372756785
16372756787
16372825678
16372835678
16372872345
16372884321
16372885678
16372898765
16372920123
16372930123
16372931234
16372940123
16372965430
16372965437
16372965438
16372976546
16372987652
16372987673
16372987677
16372987680
16372987687
16372987698
16372998762
16373034567
16373581234
16373632345
16373643216
16373654313
16373655678
16373677654
16373716543
16373739876
16373753456
16373764567
16373786789
16373789007
16373789008
16373789038
16373789065
16373789074
16373789075
16373789076
16373789078
16373789098
16373798768
16373800123
16373823456
16373872345
16373876530
16373876588
16373891234
16373932107
16373933210
16373962345
16373970123
16373987613
16373987685
16374012315
16374012381
16374019876
16374023450
16374032101
16374033456
16374043212
16374094321
16374098748
16374125432
16374136789
16374157654
16374187658
16374198769
16374219876
16374232107
16374234505
16374240123
16375232104
16375234587
16375234596
16375345672
16375358765
16375414567
16382498769
16388993456
16389005678
16389054326
16389054328
16389080987
16389098771
16389112340
16389114567
16389132107
16389165437
16389178906
16389178908
16389217890
16389312348
16389323453
16389323459
16389340987
16389343211
16389343219
16389343456
16389345613
16389345619
16389345626
16389345639
16389345649
16389345681
16389432114
16389432158
16389753456
16389754320
16389765403
16389765415
16399564567
16399575678
16399588765
16399640123
16399654379
16399654389
16399654395
16399654399
16399667893
16399667899
16399765434
16399765452
16399765453
16399765454
16399765470
16399765479
16399765483
16399765490
16399766543
16399809877
16399821234
16399856781
16399876007
16399876069
16399876922
16399876926
16399876976
16399876981
16399876989
16399876994
16399902345
16399945675
16399990123
16400009870
16400456784
16400456789
16400765442
16400765448
16400765466
16400765489
16400765491
16401001234
16401001236
16401098715
16401321234
16401324567
16401334563
16401338765
16407398769
16407543269
16407636543
16408340987
16408376541
16408376545
16408376546
16408376549
16408378907
16408378909
16408385678
16408394321
16408413456
16408423453
16408423457
16408424321
16408442345
16408487653
16408487654
16408487657
16408512343
16408512346
16408533210
16408534560
16408535432
16408543273
16408543278
16408543286
16408543287
16408543296
16408543297
16412678930
16412734561
16412734562
16412737654
16412743211
16412755432
16412765401
16412765433
16412765436
16412765440
16412765441
16412765477
16412786543
16412789074
16412789095
16412799876
16412801239
16412809877
16412832104
16412856782
16412879876
16412891234
16412901234
16412954321
16412987610
16412987611
16412999876
16413023451
16413096789
16413098703
16413098750
16413098757
16413123493
16413134567
16413145672
16413154326
16413201230
16413210274
16413210495
16413210675
16413210697
16413210922
16413245671
16413245677
16413254324
16413257654
16413456774
16437046789
16437064567
16440046789
16440056543
16440067890
16440067897
16440068765
16440098721
16440123492
16440123520
16440143212
16440167899
16440256784
16440367898
16454777890
16454790987
16454909876
16455030123
16455163456
16455166789
16455298763
16462622345
16462623451
16462623455
16462635432
16463035678
16463056780
16463078902
16463178765
16463178900
16463178903
16463178905
16463178906
16463178907
16463183210
16463212341
16463217890
16463256780
16463256783
16463256788
16463267897
16463284567
16463496543
16463500123
16463536543
16463556787
16463565434
16463565438
16463632100
16463726543
16463765408
16463765466
16463765467
16463765471
16463765483
16463765495
16463765497
16463778902
16463789040
16463789043
16463789050
16463789066
16463791234
16463860123
16463902345
16463987660
16464023452
16464034565
16465431618
16465456786
16466416543
16466432108
16466677654
16466765480
16466765491
16466765497
16466789223
16466789244
16466789689
16466789847
16466789855
16466823451
16466943216
16466943219
16466987605
16466987628
16466987696
16466987697
16466987699
16467012335
16467012399
16467098735
16467109874
16467109879
16467293456
16467323452
16467338765
16467367896
16467456717
16467456722
16467456727
16467456768
16467471234
16467473210
16467515678
16467532101
16467532107
16467545672
16467545674
16467573210
16467607654
16467654159
16467654347
16467714567
16467722345
16467789049
16467789059
16467789064
16467789068
16467789078
16467789081
16467789089
16467789093
16467789094
16467876546
16467876551
16467876595
16467876597
16467891384
16467891649
16467898022
16467898135
16467898367
16467898530
16467898563
16467898722
16467903210
16467960123
16468032108
16468034560
16468076545
16468123471
16468154328
16468187651
16468234506
16468234511
16468234518
16468234566
16468234579
16468234587
16468234594
16468234599
16468250987
16468254322
16468298761
16468298767
16468734566
16468743213
16468898767
16468960987
16468967899
16469267899
16469269876
16469284321
16469298768
16469314567
16469466789
16469555432
16469584321
16469643219
16469703456
16469913456
16469914321
16469987606
16469987607
16469987609
16469987617
16469987624
16469987634
16469987635
16469987642
16469987648
16469987652
16469987655
16469987670
16470001230
16470032108
16470084567
16470189876
16470262345
16470276544
16470378904
16470378905
16470378906
16470378907
16470487655
16470698765
16475694321
16475789080
16475789091
16475809876
16475978900
16476543235
16476965436
16476993210
16477456769
16477456786
16477654700
16477654701
16477654705
16477654706
16477654760
16477654776
16477654779
16477654780
16477654789
16477654815
16477654857
16477654858
16477687650
16477687651
16477687653
16477765423
16477765449
16477765482
16477765497
16477765498
16477765499
16477775678
16477890005
16477890096
16477897890
16479456785
16479567842
16479580123
16480534569
16480743219
16480789071
16483923457
16483965438
16483978904
16484257890
16484284567
16484313210
16484321128
16484321365
16484348765
16484564321
16484567007
16484567010
16484567034
16484567040
16484567053
16484567055
16484567226
16484567258
16484568765
16484678957
16484687890
16499667892
16499770987
16499789071
16499987675
16499987683
16499987690
16499987692
16500345695
16500693456
16500765498
16501123455
16501233691
16508123400
16508123486
16508123492
16508123496
16508123497
16508123498
16508195432
16508234597
16508234598
16508260123
16508278908
16508323457
16508323459
16508366543
16508446789
16508465430
16508465436
16508581234
16508734567
16508753210
16508768765
16516187659
16526145678
16531987695
16532100697
16532743218
16532754328
16537440987
16537456713
16537456720
16537456746
16537456762
16546543204
16546543221
16546543232
16546543236
16546543257
16546543261
16546543276
16546543278
16546543287
16546543289
16546543693
16548034567
16548678999
16549023456
16550123336
16550123337
16550123444
16550123569
16550123869
16552165432
16552465432
16554098765
16554698766
16555049876
16555143219
16555223451
16555356788
16555467891
16555500987
16555598765
16555612345
16555812341
16555812345
16555892345
16555937654
16556123444
16556123450
16556123454
16556234562
16566543169
16566543202
16566543203
16566543204
16566543207
16566543215
16566543221
16566543222
16566543232
16566543235
16566543245
16566543252
16566543271
16566543276
16566543282
16566543291
16566614321
16566616543
16566632100
16566652345
16566667654
16566672345
16569789007
16569789015
16569789020
16569789023
16569789027
16569789042
16569789046
16569789876
16569941234
16570012345
16570012353
16570012380
16570012388
16570787654
16571698766
16571701237
16571701238
16572234569
16572456783
16573456698
16573456757
16573456783
16573456913
16573456980
16573665432
16579987653
16579987691
16579987698
16579991234
16582214567
16585597890
16585667654
16585737890
16589654369
16590234566
16590234569
16592876545
16592876549
16595912345
16596245678
16596434567
16596567892
16596567894
16596664567
16596960123
16597334567
16598698760
16598698764
16598823456
16598898769
16599134567
16669903210
16670787654
16688134569
16688212345
16688454321
16688456776
16688490987
16688581234
16688616543
16688654346
16688884567
16699876737
16699876752
16699876755
16699876781
16699876784
16699876816
16699876818
16699876824
16699876838
16699876839
16699876852
16699876865
16699876866
16699876880
16699876894
16699876903
16699876909
16699876939
16699876962
16699876970
16699876971
16699876980
16699876990
16699963210
16699977890
16706984567
16707123481
16707234564
16707567892
16731765444
16732102224
16732102225
16732102369
16732454321
16732698766
16732698767
16732765437
16732798769
16744445671
16744445672
16745671769
16745676959
16746543283
16746543694
16746543697
16746543999
16746932100
16763456663
16763456736
16763456797
16763456953
16763456979
16763567893
16763567899
16763676543
16764203210
16764203456
16764545678
16764697654
16764798765
16765012333
16765401697
16765401869
16765402223
16765402225
16765402226
16765403222
16765403777
16765404469
16765404869
16765405369
16765405400
16765406660
16765406662
16765406665
16765416665
16765416697
16765419777
16765419990
16765420000
16765420003
16765420013
16765420019
16765420023
16765420037
16765420060
16765420215
16765420230
16765420231
16765420232
16765420240
16765420260
16765420263
16765420272
16765420279
16765420288
16765420295
16765420320
16765420326
16765420339
16765420347
16765420363
16765420371
16765420394
16765420413
16765420416
16765420424
16765420429
16765420434
16765420443
16765420467
16765420502
16765420528
16765420537
16765420545
16765420551
16765420591
16765420611
16765420648
16765420659
16765420689
16765420725
16765420733
16765420734
16765420756
16765420759
16765420799
16765420802
16765420807
16765420830
16765420840
16765420864
16765420871
16765420879
16765420881
16765420888
16765420892
16765420907
16765420917
16765420925
16765420928
16765420972
16765420974
16765420977
16765420991
16765421069
16765421112
16765421113
16765421119
16765430707
16765430715
16765430716
16765430719
16765430732
16765430735
16765430744
16765430750
16765430754
16765430766
16765430773
16765430781
16765430785
16765430787
16765430792
16765430795
16765430798
16765430802
16765430803
16765430824
16765430849
16765430858
16765430859
16765430862
16765430864
16765430865
16765430869
16765430881
16765430882
16765430892
16765430893
16765430894
16765430895
16765430896
16765430898
16765430899
16765430903
16765430904
16765430913
16765430974
16765431448
16765432023
16765432031
16765432050
16765432056
16765432063
16765432086
16765432092
16765432093
16765432102
16765432107
16765432109
16765432131
16765432150
16765432156
16765432158
16765432160
16765432162
16765432165
16765432167
16765432168
16765432176
16765432177
16765432183
16765432186
16765432188
16765432190
16765432194
16765432201
16765432203
16765432214
16765432230
16765432243
16765432249
16765432263
16765432264
16765432283
16765432302
16765432328
16765432343
16765432371
16765432458
16765432765
16765432772
16765432804
16765432808
16765432818
16765432826
16765432857
16765432863
16765432883
16765432887
16765432892
16765432913
16765432914
16765432921
16765432925
16765432926
16765432933
16765432943
16765432950
16765432953
16765432956
16765432961
16765432963
16765432976
16765432980
16765432990
16765432992
16765433010
16765433040
16765433041
16765433043
16765433050
16765433057
16765433310
16765433329
16765433340
16765433342
16765433455
16765433458
16765433460
16765433474
16765433478
16765433484
16765433496
16765433497
16765433504
16765433506
16765433517
16765433519
16765433537
16765433555
16765433563
16765433564
16765433565
16765433568
16765433580
16765433582
16765433583
16765433603
16765433627
16765433630
16765433641
16765433644
16765433669
16765433678
16765433679
16765433680
16765433699
16765433728
16765433800
16765433813
16765433829
16765433833
16765433834
16765433840
16765433854
16765433883
16765433889
16765433891
16765433896
16765433945
16765433955
16765433964
16765433998
16765434008
16765434016
16765434025
16765434029
16765434033
16765434065
16765434092
16765434128
16765434137
16765434146
16765434147
16765434157
16765434184
16765434210
16765434235
16765434262
16765434263
16765434271
16765434273
16765434336
16765434350
16765434360
16765434379
16765434413
16765434427
16765434434
16765434437
16765434467
16765434483
16765434486
16765434498
16765434499
16765434515
16765434523
16765434526
16765434570
16765434573
16765434585
16765434595
16765434612
16765434616
16765434636
16765434643
16765434670
16765434675
16765434682
16765434690
16765434693
16765434736
16765434774
16765434806
16765434825
16765434826
16765434838
16765434839
16765434845
16765434848
16765444304
16765444368
16765444373
16765444500
16765444517
16765444518
16765444568
16765444574
16765444617
16765444640
16765445333
16765445469
16765446660
16765446667
16765446669
16765446918
16765446932
16765446959
16765446981
16765446985
16765447222
16765447691
16765447694
16765448444
16765459993
16765459995
16765459996
16765460269
16765461269
16765461769
16765463699
16765463769
16765464202
16765473007
16765473169
16765473269
16765476555
16765476665
16765476666
16765476669
16765476690
16765476977
16765476981
16765476987
16765476993
16765477111
16765477666
16765477692
16765477695
16765477729
16765477741
16765477770
16765477888
16765478007
16765478069
16765478369
16765486901
16765486906
16765486912
16765486918
16765486919
16765486920
16765486922
16765486923
16765486932
16765486936
16765486943
16765486944
16765486947
16765486960
16765486961
16765486963
16765486965
16765486973
16765486979
16765486981
16765486984
16765486985
16765486989
16765487069
16765488693
16765488807
16765488830
16765488846
16765488848
16765488854
16765488862
16765488864
16765488868
16765488887
16765488895
16765489333
16765489693
16765489999
16765490074
16765490333
16765490692
16765490695
16765490697
16765490698
16765491114
16765654328
16765654329
16765676543
16765678111
16765678907
16765678913
16765678955
16765678958
16765678973
16765678975
16765678981
16765678988
16766637654
16766667895
16766667898
16766667899
16766678923
16766997654
16767012345
16767234569
16767634569
16767676543
16767890003
16767890006
16767890071
16767890075
16767890269
16767891669
16767892224
16767892690
16767892698
16767894000
16767894269
16767894333
16768056789
16768098777
16769116789
16769121234
16769132345
16769135678
16769136789
16769165431
16769165435
16769166789
16769184567
16769256787
16769267892
16769287654
16769287659
16769327654
16769380123
16769412347
16769412349
16769513210
16769556543
16769598760
16769630123
16769645677
16769656783
16769656785
16769656788
16769687656
16769701233
16769701234
16769712340
16769713456
16769745674
16769745675
16769887656
16769904567
16769934321
16770265432
16770345675
16770345697
16770345699
16770398765
16776114567
16776540739
16776540853
16776541439
16776541698
16776541743
16776542831
16776543036
16776543255
16776962345
16777193210
16777223451
16777345646
16791789037
16791789049
16791956785
16792058765
16792122345
16792227654
16792345293
16792345420
16792345591
16792345614
16792345615
16792345723
16792845671
16793611234
16793678903
16794321999
16796992345
16798765424
16798765473
16798765492
16798765780
16798765935
16798765983
16798766333
16798766420
16798766608
16798766650
16798766653
16798766655
16798766688
16798769011
16801000123
16801231337
16801231420
16801232224
16801237695
16802323456
16808543211
16808543213
16808543215
16808543217
16808543218
16808765480
16808765888
16808887658
16808888765
16809873644
16809873652
16809873664
16809873713
16809873906
16809873913
16809873923
16809873942
16809873996
16809874052
16809874068
16809874203
16809875380
16813234568
16814035432
16815698766
16816556787
16816901230
16816916789
16816944567
16816946789
16816997654
16817693210
16817964321
16818012301
16818998769
16823450078
16823453222
16823453334
16823453692
16823459994
16869012300
16869012303
16869012352
16869012355
16869012390
16881698766
16899876912
16899876915
16899876940
16899876947
16899876992
16899932100
16899945673
16900023459
16900063456
16900065678
16900078902
16900087659
16900098708
16900098724
16900098733
16900098761
16900098764
16900265435
16900412342
16900432143
16900432172
16900432175
16900432177
16900532102
16900532105
16900551234
16900567824
16900567876
16900676546
16900678901
16900678953
16900928765
16900945678
16900998763
16901123210
16901123406
16901123416
16901123448
16901123459
16901232600
16901232635
16901232643
16901232651
16901232655
16901232683
16901232685
16901232688
16901232704
16901232714
16901232718
16901232720
16901232741
16901232747
16901232763
16901232764
16901232769
16901232790
16901232793
16901232799
16901232819
16901233382
16901233481
16901233489
16901233494
16901233533
16901234175
16901234189
16901234208
16901234212
16901234366
16901234385
16901234466
16901234659
16901234661
16901234689
16901234696
16901234698
16901234705
16901234742
16901234768
16901234771
16901234774
16901234914
16901234925
16901234926
16901234984
16901235058
16901235095
16901235156
16901235191
16901235263
16901235376
16901235734
16901235950
16901236154
16901236289
16901236308
16901236334
16901236346
16901236391
16901236400
16901236404
16901236407
16901236413
16901236423
16901236428
16901236516
16901236619
16901236690
16901236853
16901236872
16901236879
16901236884
16901236989
16901237186
16901237719
16901237726
16901237753
16901237811
16901237861
16901237866
16901237950
16901237953
16901237977
16901237978
16901237985
16901237993
16901238016
16901238098
16901238175
16901238189
16901238191
16901238355
16901238371
16901238453
16901238537
16901238563
16901238615
16901238679
16901238681
16901238692
16901238694
16901238717
16901238721
16901238727
16901238740
16901238769
16901238787
16901238788
16901238794
16901238802
16901238814
16901238816
16901238844
16901238875
16901238907
16901238962
16901238975
16901239001
16901239033
16901239048
16901239123
16901239144
16901239176
16901239203
16901239205
16901239211
16901239214
16901239251
16901239338
16901239357
16901239393
16901239410
16901239424
16901239426
16901239520
16901239563
16901239600
16901239626
16901239637
16901239653
16901239655
16901239678
16901239681
16901331234
16901345655
16903321007
16903365438
16903423210
16903424321
16903463210
16903464321
16903465438
16903481234
16916321056
16916567874
16916685678
16916906789
16917065439
16917654558
16917890157
16918797890
16919107654
16919210123
16919212342
16919300123
16919545673
16919845678
16919863210
16919863456
16919991234
16920012345
16920012373
16920012380
16920012394
16920012399
16920027654
16920123018
16920123102
16920123174
16920123177
16920123183
16920123401
16920123428
16920123665
16920123670
16920123681
16920123692
16920123698
16920123699
16920123700
16920123768
16920123799
16920123897
16920123905
16920123906
16920123910
16920123936
16920123979
16920134565
16920134568
16920198763
16920232108
16920232345
16920234590
16920253210
16920267899
16920365435
16920507890
16920643218
16920678916
16920678981
16920678982
16920732345
16920947654
16920983210
16921001231
16921032105
16921032108
16921087656
16921112341
16921180123
16921223459
16921256783
16921256786
16921321019
16921321023
16921321039
16921321049
16921321068
16921332345
16921334562
16921380123
16921456744
16921456746
16921456759
16921456760
16921456784
16921472345
16921567832
16921654344
16921654386
16921698767
16921732103
16921777654
16921901232
16921903456
16922087657
16922101230
16922132345
16922181234
16922232106
16922234545
16922265434
16922323452
16922437654
16922456716
16922456730
16922456736
16922456752
16922456780
16922472345
16922516789
16922567882
16922629876
16922662345
16922665678
16922678901
16922678902
16922678915
16922678922
16922678990
16922734560
16922734564
16922767895
16922787653
16922845671
16922845675
16922896789
16922967898
16922987675
16923001234
16923001239
16923023454
16923086543
16923193210
16923210006
16923210008
16923210034
16923210068
16923210081
16923210082
16923210083
16923210105
16923210151
16923210189
16923210203
16923210342
16923210499
16923265430
16923332104
16923443219
16923455186
16923455191
16923455201
16923455203
16923455210
16923455216
16923455218
16923455221
16923455222
16923455223
16923455230
16923455233
16923455242
16923455267
16923455268
16923455272
16923455285
16923455304
16923455307
16923455309
16923455322
16923455327
16923455331
16923455337
16923455340
16923455341
16923455345
16923455347
16923455351
16923455366
16923455376
16923455391
16923455393
16923455827
16923456101
16923456133
16923456165
16923456341
16923456400
16923456513
16923456529
16923456535
16923456570
16923456581
16923456683
16923456697
16923456786
16923456808
16923456870
16923456871
16923456981
16923457167
16923457362
16923457363
16923457365
16923457506
16923457507
16923457588
16923457629
16923457694
16923457720
16923457727
16923457895
16923457989
16923458059
16923458088
16923458089
16923458125
16923458127
16923458139
16923458150
16923458194
16923458230
16923458265
16923458271
16923458289
16923458291
16923458296
16923458311
16923458362
16923458501
16923458503
16923458533
16923458617
16923458622
16923458636
16923458641
16923458661
16923458739
16923458741
16923458844
16923458852
16923458872
16923458888
16923459009
16923459058
16923459118
16923459170
16923459202
16923459214
16923459235
16923545676
16923617654
16923637654
16923654304
16923654308
16923654371
16938243212
16938298763
16938312343
16938313456
16938384567
16938385678
16938386543
16938401232
16938523210
16938537654
16938576544
16938678918
16938678940
16938678972
16938712348
16938765138
16938765147
16938765232
16938765285
16938765307
16938765309
16938765419
16938765484
16938765546
16938765551
16938765606
16938765634
16938765636
16938765641
16938765650
16938765764
16938765772
16938765794
16938765824
16938765904
16938921234
16938934565
16938987693
16939023454
16939746543
16939765457
16939765490
16939823458
16939834568
16939876012
16939876298
16939876448
16939876485
16939876490
16939876509
16939876540
16939876542
16939876571
16939876575
16939876583
16939876594
16939876620
16939876640
16939876717
16939876721
16939876818
16939876873
16939876898
16939876935
16939876995
16939934567
16939953456
16940063456
16940065431
16940066789
16940098777
16940243218
16940298769
16940299876
16940327654
16940472345
16940567800
16940567818
16940567896
16940582345
16940643219
16940657654
16940687657
16940687658
16940834563
16940865433
16940943217
16941023453
16941056785
16941123427
16941123440
16941123471
16941187650
16941234002
16941234104
16941234152
16941234162
16941234189
16941234200
16941234247
16941234316
16941234334
16941234342
16941234410
16941234539
16941234554
16941234666
16941234764
16941234823
16941234843
16941234890
16941235678
16941312342
16941312344
16941432190
16941445679
16941476542
16941476544
16941476545
16941476549
16941569876
16941585678
16941736543
16941763456
16941819876
16941876586
16942001234
16942012301
16942012317
16942012392
16942032345
16942123481
16942190123
16942234565
16942234567
16942976543
16943210001
16943210003
16943456704
16943456733
16943456736
16943456775
16943456777
16943456799
16944012345
16963356786
16963371234
16963445672
16963567818
16963567824
16963567857
16963567858
16963567859
16963567873
16963567899
16963639876
16963704321
16963854321
16964034568
16964123448
16964198765
16964334564
16964334566
16964334568
16964395678
16964423455
16964501237
16964501238
16964545671
16964654315
16964654331
16964734321
16964765408
16964765410
16964765423
16964765424
16964765457
16964823459
16964836543
16964928765
16964987624
16964987658
16965001230
16965012375
16965043216
16965085678
16965312344
16965431641
16965431674
16965431706
16965431721
16965431747
16965431769
16965431783
16965431799
16965431823
16965431833
16965431975
16965432749
16965432794
16965432804
16965432808
16965432809
16965432822
16965432830
16965432837
16965432982
16965433005
16965433036
16965433038
16965433084
16965433086
16965433137
16965433159
16965433302
16965433371
16965433401
16965433573
16965433649
16965434418
16965434422
16965434662
16965434669
16965434717
16965434767
16965434783
16965434807
16965434846
16965434886
16965434973
16965434974
16965434978
16965435041
16965435052
16965435092
16965435095
16965435122
16965435190
16965435196
16965435202
16965435207
16965435210
16965435227
16965435317
16965435381
16965435443
16965435458
16965435685
16965435711
16965435720
16965435772
16965435786
16965435859
16965436252
16965436264
16965436324
16965436374
16965436391
16965436437
16965436511
16965436801
16965652345
16965654567
16965716789
16965732105
16965796789
16965843213
16965843219
16969965430
16969982345
16969985678
16970025678
16970063210
16970145674
16970167891
16970208765
16970265678
16970267898
16970284567
16970303456
16970343215
16970345626
16970367898
16970410123
16970445674
16970465439
16970524321
16970623451
16970678952
16970678964
16970696543
16970932104
16970988765
16971098768
16971287651
16971321036
16971321046
16971321052
16971321055
16971321077
16971321099
16971432183
16971432192
16971511234
16971602345
16971678974
16971859876
16971876537
16971987603
16971987604
16971987609
16971987615
16971987616
16971987651
16972086543
16972123452
16972176543
16972321033
16972321047
16972321058
16972321096
16972356543
16972470123
16972487651
16972678962
16972823453
16972843213
16972876500
16972913456
16972945675
16973012351
16973012377
16973013210
16973065430
16973134566
16973210003
16973210184
16973210192
16973210367
16973210411
16973210431
16973210437
16973210449
16973210486
16973210490
16973210494
16973210503
16973210716
16973210814
16973301232
16973318765
16973334565
16973443218
17021354321
17021543212
17021543215
17022201238
17022765444
17023455506
17023455548
17023455565
17023456203
17023456410
17023456488
17023456545
17023456555
17023456608
17023456623
17023456630
17023456689
17023456691
17023456695
17023456749
17023456758
17023456776
17023456796
17023456807
17023456876
17023456888
17023456947
17023456950
17023456977
17023457666
17023457774
17023656789
17023765469
17024023456
17026937654
17027776540
17027890999
17028254321
17028444567
17029012345
17029523456
17029543212
17030001238
17030234561
17042078765
